Time [ms],Voltage [V]
0,1,53
1,1,53
2,1,53
3,1,53
4,1,53
5,1,53
6,1,53
7,1,53
8,1,53
9,1,53
10,1,53
11,1,53
12,1,53
13,0,01
14,0,01
15,0,01
16,0,01
17,0,01
18,1,53
19,1,53
20,1,53
21,1,53
22,1,53
23,1,53
24,1,53
25,1,53
26,1,53
27,1,53
28,1,53
29,1,53
30,1,53
31,0
32,0
33,0,01
34,0,01
35,0,01
36,1,53
37,1,53
38,1,53
39,1,53
40,1,53
41,1,53
42,1,52
43,1,53
44,1,53
45,1,53
46,1,53
47,1,53
48,1,53
49,1,53
50,1,53
51,1,53
52,1,53
53,1,53
54,1,53
55,1,53
56,1,52
57,1,52
58,1,52
59,1,52
60,1,53
61,1,53
62,1,53
63,1,53
64,1,53
65,1,53
66,1,52
67,1,52
68,1,53
69,1,53
70,1,53
71,1,53
72,1,53
73,1,53
74,1,53
75,1,53
76,1,53
77,1,53
78,1,53
79,1,53
80,1,53
81,1,53
82,1,53
83,1,53
84,1,53
85,1,53
86,1,53
87,1,53
88,1,53
89,1,53
90,1,53
91,1,52
92,1,53
93,1,53
94,1,53
95,1,53
96,1,53
97,1,53
98,1,53
99,1,53
100,1,53
101,1,53
102,1,53
103,1,53
104,1,53
105,1,53
106,1,53
107,1,53
108,1,53
109,1,53
110,1,53
111,1,53
112,1,52
113,1,53
114,1,53
115,1,53
116,1,53
117,1,53
118,1,53
119,1,53
120,1,53
121,1,53
122,1,53
123,1,53
124,1,53
125,1,53
126,1,53
127,1,53
128,1,53
129,1,53
130,1,53
131,1,53
132,1,53
133,1,53
134,1,53
135,1,53
136,1,53
137,1,53
138,1,53
139,1,53
140,1,52
141,1,53
142,1,53
143,1,53
144,1,53
145,1,53
146,1,53
147,1,53
148,1,53
149,1,53
150,1,53
151,1,53
152,1,53
153,1,53
154,1,53
155,1,53
156,1,53
157,1,53
158,1,53
159,1,53
160,1,53
161,1,53
162,1,53
163,1,53
164,1,53
165,1,52
166,1,52
167,1,52
168,1,52
169,1,52
170,1,52
171,1,52
172,1,52
173,1,53
174,1,52
175,1,52
176,1,52
177,1,52
178,1,52
179,1,52
180,1,52
181,1,52
182,1,52
183,1,52
184,1,52
185,1,52
186,1,52
187,1,52
188,1,52
189,1,52
190,1,53
191,1,52
192,1,52
193,1,52
194,1,52
195,1,52
196,1,52
197,1,52
198,1,52
199,1,52
200,1,53
201,1,53
202,1,52
203,1,52
204,1,52
205,1,53
206,1,53
207,1,52
208,1,52
209,1,53
210,1,53
211,1,53
212,1,53
213,1,52
214,1,52
215,1,53
216,1,53
217,1,53
218,1,53
219,1,53
220,1,53
221,1,53
222,1,53
223,1,53
224,1,52
225,1,53
226,1,53
227,1,53
228,1,53
229,1,53
230,1,53
231,1,53
232,1,53
233,1,53
234,1,53
235,1,52
236,1,52
237,1,52
238,1,52
239,1,52
240,1,52
241,1,53
242,1,53
243,1,53
244,1,53
245,1,53
246,1,53
247,1,53
248,1,53
249,1,53
250,1,53
251,1,53
252,1,53
253,1,53
254,1,53
255,1,53
256,1,53
257,1,53
258,1,53
259,1,53
260,1,53
261,1,53
262,1,53
263,1,53
264,1,53
265,1,53
266,1,53
267,1,53
268,1,53
269,1,53
270,1,53
271,1,53
272,1,53
273,1,53
274,1,53
275,1,53
276,1,52
277,1,53
278,1,53
279,1,53
280,1,53
281,1,53
282,1,53
283,1,53
284,1,53
285,1,53
286,1,53
287,1,52
288,1,53
289,1,53
290,1,53
291,1,53
292,1,53
293,1,53
294,1,53
295,1,53
296,1,53
297,1,53
298,1,53
299,1,53
300,1,53
301,1,53
302,1,53
303,1,53
304,1,53
305,1,53
306,1,53
307,1,53
308,1,53
309,1,53
310,1,53
311,1,53
312,1,53
313,1,53
314,1,53
315,1,53
316,1,53
317,1,53
318,1,53
319,1,53
320,1,53
321,1,53
322,1,53
323,1,53
324,1,53
325,1,53
326,1,53
327,1,53
328,1,53
329,1,53
330,1,53
331,1,53
332,1,53
333,1,53
334,1,53
335,1,53
336,1,53
337,1,53
338,1,53
339,1,53
340,1,53
341,1,52
342,1,52
343,1,53
344,1,53
345,1,53
346,1,53
347,1,53
348,1,53
349,1,53
350,1,53
351,1,53
352,1,53
353,1,53
354,1,53
355,1,53
356,1,53
357,1,52
358,1,61
359,1,53
360,1,53
361,1,53
362,1,53
363,1,53
364,1,53
365,1,53
366,1,53
367,1,53
368,1,53
369,1,53
370,1,53
371,1,53
372,1,53
373,1,53
374,1,53
375,1,53
376,1,53
377,1,53
378,1,53
379,1,53
380,1,53
381,1,53
382,1,53
383,1,52
384,1,52
385,1,52
386,1,53
387,1,53
388,1,53
389,1,53
390,1,53
391,1,53
392,1,53
393,1,53
394,1,53
395,1,53
396,1,53
397,1,53
398,1,53
399,1,53
400,1,53
401,1,53
402,1,53
403,1,53
404,1,53
405,1,53
406,1,53
407,1,53
408,1,53
409,1,53
410,1,53
411,1,53
412,1,53
413,1,53
414,1,53
415,1,53
416,1,53
417,1,53
418,1,52
419,0,01
420,0,01
421,0,01
422,0,01
423,0,01
424,0,01
425,0,01
426,0
427,0,01
428,0,01
429,0,01
430,0,01
431,0,01
432,0,01
433,0,01
434,0
435,0,01
436,0,01
437,0,01
438,0,01
439,0
440,0
441,0,01
442,0,01
443,0,01
444,0,01
445,0,01
446,0,01
447,0,01
448,0,01
449,0,01
450,0,01
451,0,01
452,0,01
453,0,01
454,0,01
455,0,01
456,0,01
457,1,53
458,1,53
459,1,53
460,1,53
461,0,01
462,1,53
463,1,53
464,1,53
465,1,53
466,1,53
467,1,53
468,1,53
469,1,52
470,1,52
471,1,52
472,1,52
473,1,52
474,1,53
475,1,52
476,1,52
477,1,53
478,1,53
479,1,53
480,1,53
481,1,53
482,1,53
483,1,52
484,1,53
485,1,53
486,1,53
487,1,53
488,1,53
489,1,53
490,1,53
491,1,53
492,1,53
493,0,01
494,0,01
495,0,01
496,0,01
497,0,01
498,1,53
499,1,53
500,1,53
501,1,53
502,1,53
503,1,53
504,1,53
505,1,53
506,1,53
507,1,53
508,1,53
509,1,53
510,1,53
511,0,01
512,0,01
513,0,01
514,0,01
515,0,01
516,1,53
517,1,53
518,1,53
519,1,53
520,1,53
521,1,53
522,1,53
523,1,53
524,1,52
525,1,53
526,1,53
527,1,53
528,1,53
529,0,01
530,0,01
531,0,01
532,0
533,0,01
534,0,01
535,1,53
536,1,53
537,1,53
538,1,53
539,1,53
540,1,53
541,1,53
542,1,53
543,1,53
544,1,53
545,1,53
546,1,53
547,1,53
548,0,01
549,0,01
550,0,01
551,0,01
552,0,01
553,1,53
554,1,53
555,1,53
556,1,53
557,0,01
558,0,01
559,0,01
560,0,01
561,0,01
562,1,53
563,1,53
564,1,53
565,1,52
566,0,01
567,0,01
568,0,01
569,0,01
570,0,01
571,0,01
572,1,53
573,1,52
574,0,01
575,0,01
576,0,01
577,0,01
578,0,01
579,0,01
580,0,01
581,1,53
582,1,53
583,1,53
584,0,01
585,0,01
586,0,01
587,0,01
588,0,01
589,0,01
590,1,53
591,1,53
592,1,53
593,0,01
594,0,01
595,0,01
596,0
597,0
598,0
599,1,52
600,1,52
601,1,53
602,1,53
603,1,53
604,1,53
605,1,53
606,1,53
607,1,53
608,1,53
609,1,53
610,1,53
611,1,53
612,0,01
613,0,01
614,0
615,0,01
616,0,01
617,1,53
618,1,53
619,1,53
620,1,53
621,1,53
622,1,53
623,1,53
624,1,53
625,1,53
626,1,53
627,1,53
628,1,53
629,1,53
630,0
631,0,01
632,0,01
633,0,01
634,0,01
635,0,01
636,1,53
637,1,53
638,1,53
639,1,53
640,1,53
641,1,53
642,1,53
643,1,53
644,1,53
645,1,53
646,1,53
647,1,53
648,0,01
649,0,01
650,0,01
651,0,01
652,0,01
653,0,01
654,1,53
655,1,53
656,1,53
657,1,53
658,0,01
659,0,01
660,0,01
661,0,01
662,0,01
663,1,52
664,1,53
665,1,53
666,1,53
667,0,01
668,0,01
669,0,01
670,0,01
671,0
672,0,01
673,1,53
674,1,53
675,1,53
676,0,01
677,0,01
678,0,01
679,0
680,0,01
681,1,53
682,1,53
683,1,53
684,1,53
685,0
686,0,01
687,0,01
688,0,01
689,0,01
690,0,01
691,1,53
692,1,53
693,1,53
694,0,01
695,0,01
696,0,01
697,0,01
698,0,01
699,0,01
700,1,53
701,1,53
702,1,53
703,1,53
704,1,53
705,1,53
706,1,53
707,1,53
708,1,53
709,1,53
710,1,53
711,1,53
712,1,53
713,0,01
714,0,01
715,0,01
716,0,01
717,0,01
718,1,53
719,1,53
720,1,52
721,1,53
722,1,53
723,1,52
724,1,52
725,1,53
726,1,53
727,1,53
728,1,53
729,1,53
730,1,53
731,0,01
732,0,01
733,0,01
734,0,01
735,0,01
736,1,53
737,1,53
738,1,53
739,1,53
740,0,01
741,0,01
742,0,01
743,0,01
744,0,01
745,0,01
746,1,53
747,1,53
748,1,53
749,1,53
750,1,53
751,1,53
752,1,53
753,1,53
754,1,53
755,1,53
756,1,53
757,1,53
758,1,53
759,0,01
760,0,01
761,0
762,0,01
763,0,01
764,1,53
765,1,53
766,1,53
767,1,53
768,0,01
769,0
770,0,01
771,0,01
772,0,01
773,1,53
774,1,53
775,1,53
776,1,53
777,0,01
778,0,01
779,0,01
780,0,01
781,0,01
782,1,53
783,1,53
784,1,53
785,1,53
786,0,01
787,0,01
788,0,01
789,0,01
790,0,01
791,1,53
792,1,53
793,1,53
794,1,53
795,0,01
796,0,01
797,0,01
798,0,01
799,0,01
800,0,01
801,1,53
802,1,53
803,1,53
804,0,01
805,0,01
806,0,01
807,0,01
808,0,01
809,0,01
810,1,53
811,1,53
812,1,53
813,1,53
814,0,01
815,0,01
816,0,01
817,0,01
818,0
819,1,53
820,1,53
821,1,53
822,1,53
823,1,53
824,1,53
825,1,53
826,1,53
827,1,53
828,1,53
829,1,53
830,1,53
831,1,53
832,0,01
833,0,01
834,0,01
835,0,01
836,0,01
837,1,53
838,1,53
839,1,53
840,1,53
841,0,01
842,0,01
843,0,01
844,0,01
845,0,01
846,1,53
847,1,53
848,1,53
849,1,53
850,1,53
851,1,52
852,1,52
853,1,52
854,1,52
855,1,53
856,1,53
857,1,53
858,1,53
859,0
860,0,01
861,0,01
862,0,01
863,0,01
864,0,01
865,1,53
866,1,53
867,1,52
868,1,53
869,1,53
870,1,53
871,1,53
872,1,53
873,1,53
874,1,53
875,1,53
876,1,53
877,1,53
878,0,01
879,0,01
880,0,01
881,0,01
882,0,01
883,1,53
884,1,53
885,1,53
886,1,53
887,1,53
888,1,53
889,1,53
890,1,53
891,1,53
892,1,53
893,1,53
894,1,53
895,1,53
896,0,01
897,0,01
898,0,01
899,0,01
900,0,01
901,1,52
902,1,53
903,1,53
904,1,53
905,1,53
906,1,53
907,1,53
908,1,53
909,1,53
910,1,53
911,1,53
912,1,53
913,1,53
914,0,01
915,0,01
916,0
917,0,01
918,0,01
919,0,01
920,1,53
921,1,53
922,1,53
923,1,53
924,1,53
925,1,53
926,1,53
927,1,53
928,1,53
929,1,53
930,1,54
931,1,53
932,1,53
933,1,53
934,1,53
935,1,53
936,1,53
937,1,53
938,1,53
939,1,53
940,1,53
941,1,53
942,1,53
943,1,53
944,1,53
945,1,53
946,1,53
947,1,53
948,1,53
949,1,53
950,1,53
951,1,53
952,1,53
953,1,53
954,1,53
955,1,53
956,1,53
957,1,52
958,1,53
959,1,53
960,1,53
961,1,53
962,1,53
963,1,53
964,1,53
965,1,52
966,1,53
967,1,53
968,1,53
969,1,53
970,1,53
971,1,53
972,1,53
973,1,53
974,1,53
975,1,53
976,1,53
977,1,53
978,1,53
979,1,53
980,1,53
981,1,53
982,1,53
983,1,53
984,1,53
985,1,53
986,1,53
987,1,53
988,1,53
989,1,53
990,1,53
991,1,53
992,1,53
993,1,53
994,1,53
995,1,53
996,1,53
997,1,53
998,1,53
999,1,53
1000,1,53
1001,1,53
1002,1,53
1003,1,53
1004,1,53
1005,1,53
1006,1,53
1007,1,53
1008,1,53
1009,1,53
1010,1,53
1011,1,53
1012,1,54
1013,1,53
1014,1,53
1015,1,53
1016,1,53
1017,1,53
1018,1,53
1019,1,53
1020,1,53
1021,1,53
1022,1,53
1023,1,53
1024,1,53
1025,1,53
1026,1,53
1027,1,53
1028,1,53
1029,1,53
1030,1,53
1031,1,53
1032,1,53
1033,1,53
1034,1,53
1035,1,53
1036,1,53
1037,1,53
1038,1,53
1039,1,53
1040,1,53
1041,1,53
1042,1,53
1043,1,53
1044,1,53
1045,1,53
1046,1,53
1047,1,52
1048,1,53
1049,1,53
1050,1,53
1051,1,53
1052,1,53
1053,1,53
1054,1,53
1055,1,52
1056,1,53
1057,1,53
1058,1,53
1059,1,53
1060,1,53
1061,1,53
1062,1,53
1063,1,53
1064,1,53
1065,1,53
1066,1,53
1067,1,53
1068,1,53
1069,1,53
1070,1,53
1071,1,53
1072,1,53
1073,1,53
1074,1,53
1075,1,53
1076,1,53
1077,1,53
1078,1,53
1079,1,53
1080,1,53
1081,1,53
1082,1,53
1083,1,53
1084,1,53
1085,1,53
1086,1,53
1087,1,53
1088,1,53
1089,1,53
1090,1,53
1091,1,53
1092,1,53
1093,1,53
1094,1,53
1095,1,53
1096,1,53
1097,1,53
1098,1,53
1099,1,53
1100,1,53
1101,1,53
1102,1,53
1103,1,53
1104,1,53
1105,1,53
1106,1,53
1107,1,53
1108,1,53
1109,1,53
1110,1,53
1111,1,53
1112,1,53
1113,1,53
1114,1,53
1115,1,53
1116,1,53
1117,1,53
1118,1,53
1119,1,53
1120,1,53
1121,1,53
1122,1,53
1123,1,53
1124,1,53
1125,1,53
1126,1,53
1127,1,53
1128,1,53
1129,1,53
1130,1,53
1131,1,53
1132,1,53
1133,1,53
1134,1,53
1135,1,53
1136,1,53
1137,1,53
1138,1,53
1139,1,53
1140,1,53
1141,1,53
1142,1,53
1143,1,53
1144,1,53
1145,1,52
1146,1,53
1147,1,53
1148,1,53
1149,1,53
1150,1,53
1151,1,53
1152,1,53
1153,1,53
1154,1,53
1155,1,53
1156,1,53
1157,1,52
1158,1,52
1159,1,52
1160,1,52
1161,1,52
1162,1,52
1163,1,52
1164,1,52
1165,1,52
1166,1,52
1167,1,52
1168,1,52
1169,1,53
1170,1,53
1171,1,53
1172,1,53
1173,1,53
1174,1,52
1175,1,53
1176,1,53
1177,1,52
1178,1,52
1179,1,52
1180,1,52
1181,1,52
1182,1,53
1183,1,52
1184,1,53
1185,1,53
1186,1,53
1187,1,53
1188,1,53
1189,1,53
1190,1,53
1191,1,53
1192,1,53
1193,1,53
1194,1,53
1195,1,53
1196,1,53
1197,1,53
1198,1,53
1199,1,53
1200,1,53
1201,1,53
1202,1,52
1203,1,52
1204,1,52
1205,1,52
1206,1,52
1207,1,52
1208,1,52
1209,1,52
1210,1,52
1211,1,52
1212,1,52
1213,1,52
1214,1,52
1215,1,52
1216,1,52
1217,1,53
1218,1,53
1219,1,53
1220,1,53
1221,1,53
1222,1,53
1223,1,53
1224,1,53
1225,1,53
1226,1,53
1227,1,53
1228,1,53
1229,1,53
1230,1,53
1231,1,53
1232,1,53
1233,1,53
1234,1,53
1235,1,53
1236,1,53
1237,1,53
1238,1,53
1239,1,53
1240,1,53
1241,1,53
1242,1,53
1243,1,53
1244,1,53
1245,1,53
1246,1,53
1247,1,53
1248,1,53
1249,1,53
1250,1,53
1251,1,53
1252,1,53
1253,1,53
1254,1,53
1255,1,53
1256,1,53
1257,1,52
1258,1,53
1259,1,52
1260,1,53
1261,1,53
1262,1,53
1263,1,53
1264,1,53
1265,1,53
1266,1,53
1267,1,53
1268,1,53
1269,1,53
1270,1,53
1271,1,53
1272,1,53
1273,1,53
1274,1,53
1275,1,53
1276,1,53
1277,1,53
1278,1,53
1279,1,53
1280,1,53
1281,1,53
1282,1,53
1283,1,53
1284,1,53
1285,1,53
1286,1,53
1287,1,53
1288,1,53
1289,1,53
1290,1,53
1291,1,53
1292,1,52
1293,1,53
1294,1,53
1295,1,53
1296,1,53
1297,1,53
1298,1,53
1299,1,53
1300,1,53
1301,1,53
1302,0,01
1303,0,01
1304,0,01
1305,0,01
1306,0,01
1307,0,01
1308,0
1309,0,01
1310,0,01
1311,0,01
1312,0,01
1313,0,01
1314,0,01
1315,0,01
1316,0,01
1317,0,01
1318,0,01
1319,0,01
1320,0,01
1321,0,01
1322,0,01
1323,0,01
1324,0,01
1325,0,01
1326,0,01
1327,0,01
1328,0,01
1329,0,01
1330,0,01
1331,0,01
1332,0,01
1333,0,01
1334,0,01
1335,0,01
1336,0,01
1337,0,01
1338,0
1339,0
1340,1,53
1341,1,52
1342,1,53
1343,1,53
1344,1,53
1345,1,53
1346,1,53
1347,1,53
1348,1,53
1349,1,53
1350,1,53
1351,1,53
1352,1,53
1353,1,53
1354,1,53
1355,1,53
1356,1,53
1357,1,53
1358,1,53
1359,1,53
1360,1,52
1361,1,52
1362,1,52
1363,1,52
1364,1,52
1365,1,52
1366,1,52
1367,1,52
1368,1,52
1369,1,52
1370,1,52
1371,1,52
1372,1,52
1373,1,52
1374,1,52
1375,1,52
1376,0
1377,0,01
1378,0,01
1379,0,01
1380,0,01
1381,1,52
1382,1,53
1383,1,53
1384,1,53
1385,1,53
1386,1,53
1387,1,53
1388,1,53
1389,1,53
1390,1,53
1391,1,53
1392,1,53
1393,1,53
1394,0,01
1395,0,01
1396,0,01
1397,0,01
1398,0
1399,0,01
1400,1,53
1401,1,53
1402,1,53
1403,1,53
1404,1,53
1405,1,53
1406,1,53
1407,1,53
1408,1,53
1409,1,53
1410,1,53
1411,1,53
1412,0,28
1413,0,01
1414,0,01
1415,0,01
1416,0,01
1417,0,01
1418,1,53
1419,1,53
1420,1,52
1421,1,53
1422,1,53
1423,1,53
1424,1,53
1425,1,53
1426,1,53
1427,1,53
1428,1,53
1429,1,53
1430,1,53
1431,0,01
1432,0,01
1433,0,01
1434,0,01
1435,0,01
1436,1,53
1437,1,53
1438,1,53
1439,1,52
1440,0,01
1441,0,01
1442,0,01
1443,0,01
1444,0,01
1445,1,53
1446,1,53
1447,1,53
1448,1,53
1449,0,01
1450,0,01
1451,0,01
1452,0,01
1453,0,01
1454,0,01
1455,1,53
1456,1,53
1457,1,53
1458,0,01
1459,0,01
1460,0,01
1461,0,01
1462,0,01
1463,0,01
1464,1,53
1465,1,53
1466,1,53
1467,0,01
1468,0,01
1469,0,01
1470,0,01
1471,0,01
1472,0,01
1473,1,53
1474,1,53
1475,1,53
1476,1,53
1477,0,01
1478,0,01
1479,0,01
1480,0
1481,0,01
1482,1,53
1483,1,53
1484,1,53
1485,1,53
1486,1,53
1487,1,53
1488,1,52
1489,1,53
1490,1,53
1491,1,53
1492,1,53
1493,1,53
1494,1,53
1495,0,01
1496,0
1497,0,01
1498,0,01
1499,0,01
1500,1,53
1501,1,52
1502,1,53
1503,1,53
1504,1,53
1505,1,53
1506,1,53
1507,1,53
1508,1,53
1509,1,53
1510,1,53
1511,1,53
1512,1,53
1513,0,01
1514,0,01
1515,0,01
1516,0,01
1517,0,01
1518,0,01
1519,1,53
1520,1,53
1521,1,53
1522,1,53
1523,1,53
1524,1,53
1525,1,53
1526,1,53
1527,1,53
1528,1,53
1529,1,53
1530,1,53
1531,1,53
1532,0,01
1533,0,01
1534,0,01
1535,0,01
1536,0,01
1537,1,52
1538,1,53
1539,1,53
1540,1,53
1541,0,01
1542,0,01
1543,0,01
1544,0,01
1545,0
1546,1,53
1547,1,53
1548,1,53
1549,1,53
1550,0,01
1551,0,01
1552,0,01
1553,0,01
1554,0,01
1555,1,53
1556,1,53
1557,1,53
1558,1,53
1559,0,01
1560,0,01
1561,0,01
1562,0,01
1563,0,01
1564,0,01
1565,1,53
1566,1,53
1567,1,53
1568,0,01
1569,0,01
1570,0,01
1571,0,01
1572,0,01
1573,0,01
1574,1,53
1575,1,53
1576,1,53
1577,1,53
1578,0
1579,0,01
1580,0,01
1581,0,01
1582,0,01
1583,1,52
1584,1,53
1585,1,53
1586,1,53
1587,1,53
1588,1,53
1589,1,53
1590,1,53
1591,1,53
1592,1,53
1593,1,53
1594,1,53
1595,1,53
1596,0,01
1597,0,01
1598,0,01
1599,0,01
1600,0,01
1601,1,53
1602,1,53
1603,1,53
1604,1,53
1605,1,53
1606,1,53
1607,1,53
1608,1,53
1609,1,53
1610,1,53
1611,1,53
1612,1,53
1613,1,53
1614,0,01
1615,0
1616,0
1617,0
1618,0
1619,0
1620,1,52
1621,1,52
1622,1,52
1623,0,01
1624,0,01
1625,0,01
1626,0,01
1627,0,01
1628,0,01
1629,1,53
1630,1,53
1631,1,53
1632,1,53
1633,1,53
1634,1,53
1635,1,53
1636,1,53
1637,1,53
1638,1,53
1639,1,53
1640,1,53
1641,1,53
1642,0,01
1643,0
1644,0,01
1645,0,01
1646,0,01
1647,1,53
1648,1,53
1649,1,53
1650,1,52
1651,0
1652,0
1653,0,01
1654,0,01
1655,0,01
1656,1,53
1657,1,53
1658,1,53
1659,1,53
1660,0,01
1661,0,01
1662,0,01
1663,0,01
1664,0,01
1665,0
1666,1,53
1667,1,53
1668,1,53
1669,0,01
1670,0,01
1671,0,01
1672,0,01
1673,0,01
1674,0,01
1675,1,53
1676,1,53
1677,1,53
1678,0,01
1679,0,01
1680,0,01
1681,0,01
1682,0,01
1683,0,01
1684,1,52
1685,1,53
1686,1,53
1687,1,53
1688,0,01
1689,0,01
1690,0,01
1691,0,01
1692,0
1693,1,53
1694,1,53
1695,1,53
1696,1,53
1697,0,01
1698,0,01
1699,0,01
1700,0,01
1701,0,01
1702,0,01
1703,1,53
1704,1,53
1705,1,53
1706,1,53
1707,1,53
1708,1,53
1709,1,53
1710,1,53
1711,1,53
1712,1,53
1713,1,53
1714,1,52
1715,0,01
1716,0,01
1717,0,01
1718,0,01
1719,0,01
1720,1,53
1721,1,53
1722,1,53
1723,1,53
1724,0,01
1725,0
1726,0,01
1727,0,01
1728,0,01
1729,0,01
1730,1,53
1731,1,53
1732,1,53
1733,1,53
1734,1,53
1735,1,53
1736,1,52
1737,1,52
1738,1,52
1739,1,52
1740,1,53
1741,1,52
1742,1,53
1743,0,01
1744,0,01
1745,0,01
1746,0,01
1747,0,01
1748,1,53
1749,1,53
1750,1,53
1751,1,53
1752,1,53
1753,1,53
1754,1,53
1755,1,53
1756,1,53
1757,1,53
1758,1,53
1759,1,53
1760,1,53
1761,0,01
1762,0,01
1763,0,01
1764,0,01
1765,0,01
1766,0,01
1767,0,01
1768,1,53
1769,1,53
1770,1,53
1771,1,53
1772,1,53
1773,1,53
1774,1,53
1775,1,53
1776,1,53
1777,1,53
1778,1,53
1779,0,01
1780,0,01
1781,0,01
1782,0
1783,0,01
1784,0,02
1785,1,53
1786,1,53
1787,1,53
1788,1,53
1789,1,53
1790,1,53
1791,1,53
1792,1,53
1793,1,53
1794,1,53
1795,1,53
1796,1,53
1797,1,53
1798,0,01
1799,0,01
1800,0,01
1801,0,01
1802,0,01
1803,1,53
1804,1,53
1805,1,53
1806,1,53
1807,1,53
1808,1,53
1809,1,53
1810,1,53
1811,1,53
1812,1,53
1813,1,53
1814,1,53
1815,1,53
1816,1,53
1817,1,53
1818,1,53
1819,1,53
1820,1,53
1821,1,53
1822,1,53
1823,1,52
1824,1,53
1825,1,53
1826,1,53
1827,1,53
1828,1,54
1829,1,51
1830,1,53
1831,1,53
1832,1,53
1833,1,53
1834,1,53
1835,1,53
1836,1,53
1837,1,53
1838,1,53
1839,1,53
1840,1,53
1841,1,53
1842,1,53
1843,1,53
1844,1,53
1845,1,53
1846,1,53
1847,1,53
1848,1,53
1849,1,53
1850,1,53
1851,1,53
1852,1,53
1853,1,53
1854,1,53
1855,1,53
1856,1,53
1857,1,53
1858,1,53
1859,1,53
1860,1,53
1861,1,53
1862,1,53
1863,1,53
1864,1,53
1865,1,53
1866,1,53
1867,1,53
1868,1,53
1869,1,53
1870,1,53
1871,1,53
1872,1,52
1873,1,53
1874,1,53
1875,1,53
1876,1,53
1877,1,53
1878,1,53
1879,1,53
1880,1,52
1881,1,53
1882,1,53
1883,1,53
1884,1,53
1885,1,53
1886,1,53
1887,1,53
1888,1,53
1889,1,53
1890,1,53
1891,1,53
1892,1,53
1893,1,53
1894,1,53
1895,1,53
1896,1,53
1897,1,53
1898,1,53
1899,1,53
1900,1,53
1901,1,53
1902,1,53
1903,1,53
1904,1,53
1905,1,53
1906,1,53
1907,1,53
1908,1,53
1909,1,53
1910,1,51
1911,1,53
1912,1,53
1913,1,53
1914,1,53
1915,1,53
1916,1,53
1917,1,53
1918,1,53
1919,1,53
1920,1,53
1921,1,53
1922,1,53
1923,1,53
1924,1,53
1925,1,53
1926,1,53
1927,1,53
1928,1,53
1929,1,53
1930,1,53
1931,1,53
1932,1,53
1933,1,53
1934,1,53
1935,1,53
1936,1,53
1937,1,53
1938,1,53
1939,1,53
1940,1,53
1941,1,53
1942,1,53
1943,1,53
1944,1,53
1945,1,53
1946,1,53
1947,1,53
1948,1,53
1949,1,53
1950,1,53
1951,1,53
1952,1,53
1953,1,53
1954,1,53
1955,1,53
1956,1,53
1957,1,53
1958,1,53
1959,1,53
1960,1,53
1961,1,53
1962,1,53
1963,1,53
1964,1,53
1965,1,53
1966,1,53
1967,1,53
1968,1,53
1969,1,53
1970,1,53
1971,1,53
1972,1,53
1973,1,53
1974,1,53
1975,1,53
1976,1,53
1977,1,53
1978,1,53
1979,1,53
1980,1,53
1981,1,53
1982,1,53
1983,1,53
1984,1,53
1985,1,53
1986,1,53
1987,1,53
1988,1,53
1989,1,53
1990,1,53
1991,1,53
1992,1,52
1993,1,53
1994,1,53
1995,1,53
1996,1,53
1997,1,53
1998,1,53
1999,1,53
2000,1,53
2001,1,53
2002,1,53
2003,1,53
2004,1,53
2005,1,53
2006,1,53
2007,1,53
2008,1,53
2009,1,53
2010,1,53
2011,1,52
2012,1,53
2013,1,53
2014,1,53
2015,1,53
2016,1,53
2017,1,53
2018,1,53
2019,1,53
2020,1,53
2021,1,53
2022,1,53
2023,1,53
2024,1,53
2025,1,53
2026,1,53
2027,1,53
2028,1,53
2029,1,53
2030,1,53
2031,1,53
2032,1,53
2033,1,53
2034,1,53
2035,1,53
2036,1,53
2037,1,53
2038,1,53
2039,1,53
2040,1,53
2041,1,53
2042,1,53
2043,1,53
2044,1,53
2045,1,53
2046,1,53
2047,1,53
2048,1,53
2049,1,53
2050,1,53
2051,1,53
2052,1,53
2053,1,53
2054,1,53
2055,1,53
2056,1,53
2057,1,53
2058,1,53
2059,1,53
2060,1,52
2061,1,53
2062,1,53
2063,1,53
2064,1,53
2065,1,53
2066,1,53
2067,1,53
2068,1,53
2069,1,53
2070,1,53
2071,1,53
2072,1,53
2073,1,53
2074,1,53
2075,1,53
2076,1,53
2077,1,53
2078,1,53
2079,1,53
2080,1,53
2081,1,53
2082,1,53
2083,1,53
2084,1,53
2085,1,53
2086,1,53
2087,1,53
2088,1,53
2089,1,53
2090,1,53
2091,1,53
2092,1,53
2093,1,53
2094,1,53
2095,1,53
2096,1,53
2097,1,53
2098,1,53
2099,1,53
2100,1,53
2101,1,53
2102,1,53
2103,1,53
2104,1,53
2105,1,53
2106,1,53
2107,1,53
2108,1,53
2109,1,53
2110,1,53
2111,1,53
2112,1,53
2113,1,53
2114,1,53
2115,1,53
2116,1,53
2117,1,53
2118,1,53
2119,1,53
2120,1,53
2121,1,53
2122,1,53
2123,1,53
2124,1,53
2125,1,52
2126,1,53
2127,1,53
2128,1,53
2129,1,53
2130,1,53
2131,1,53
2132,1,53
2133,1,53
2134,1,53
2135,1,53
2136,1,52
2137,1,52
2138,1,52
2139,1,52
2140,1,52
2141,1,52
2142,1,52
2143,1,52
2144,1,52
2145,1,52
2146,1,52
2147,1,52
2148,1,53
2149,1,53
2150,1,53
2151,1,53
2152,1,52
2153,1,52
2154,1,53
2155,1,5
2156,1,52
2157,1,52
2158,1,52
2159,1,53
2160,1,52
2161,1,52
2162,1,53
2163,1,53
2164,1,53
2165,1,53
2166,1,53
2167,1,53
2168,1,53
2169,1,53
2170,1,53
2171,1,53
2172,1,53
2173,1,53
2174,1,53
2175,1,53
2176,1,53
2177,1,53
2178,1,53
2179,1,53
2180,1,53
2181,1,53
2182,1,53
2183,1,53
2184,1,53
2185,0,01
2186,0
2187,0
2188,0
2189,0
2190,0
2191,0
2192,0
2193,0
2194,0,01
2195,0
2196,0
2197,0
2198,0,01
2199,0,01
2200,0,01
2201,0,01
2202,0,01
2203,0,01
2204,0,01
2205,0,01
2206,0,01
2207,0
2208,0,01
2209,0,01
2210,0,01
2211,0,01
2212,0,01
2213,0,01
2214,0,01
2215,0
2216,0,01
2217,0,01
2218,0,01
2219,0,01
2220,0,01
2221,0,01
2222,0,01
2223,1,53
2224,1,53
2225,1,53
2226,1,53
2227,1,53
2228,0,01
2229,1,53
2230,1,53
2231,1,53
2232,1,53
2233,1,53
2234,1,53
2235,1,53
2236,1,53
2237,1,52
2238,1,53
2239,1,53
2240,1,53
2241,1,53
2242,1,53
2243,1,53
2244,1,53
2245,1,53
2246,1,53
2247,1,53
2248,1,53
2249,1,53
2250,1,53
2251,1,53
2252,1,52
2253,1,52
2254,1,52
2255,1,52
2256,1,52
2257,1,52
2258,1,52
2259,0
2260,0
2261,0,01
2262,0,01
2263,0
2264,1,52
2265,1,52
2266,1,52
2267,1,52
2268,1,52
2269,1,52
2270,1,53
2271,1,52
2272,1,52
2273,1,53
2274,1,53
2275,1,53
2276,1,52
2277,0,01
2278,0,01
2279,0,01
2280,0,01
2281,0,01
2282,0,01
2283,1,53
2284,1,53
2285,1,53
2286,1,53
2287,1,53
2288,1,53
2289,1,53
2290,1,53
2291,1,53
2292,1,53
2293,1,53
2294,1,53
2295,1,53
2296,0,01
2297,0
2298,0,01
2299,0,01
2300,0,01
2301,1,53
2302,1,53
2303,1,52
2304,1,52
2305,1,52
2306,1,53
2307,1,53
2308,1,53
2309,1,53
2310,1,53
2311,1,53
2312,1,53
2313,1,52
2314,0,01
2315,0,01
2316,0,01
2317,0,01
2318,0
2319,1,51
2320,1,53
2321,1,53
2322,1,53
2323,0,01
2324,0,01
2325,0,01
2326,0,01
2327,0,01
2328,0,01
2329,1,53
2330,1,53
2331,1,53
2332,0,01
2333,0,01
2334,0,01
2335,0,01
2336,0,01
2337,0,01
2338,1,53
2339,1,53
2340,1,53
2341,0,01
2342,0,01
2343,0,01
2344,0,01
2345,0,01
2346,0
2347,1,53
2348,1,53
2349,1,52
2350,1,52
2351,0
2352,0
2353,0
2354,0
2355,0
2356,1,52
2357,1,52
2358,1,52
2359,1,52
2360,0
2361,0,01
2362,0
2363,0,01
2364,0,01
2365,1,53
2366,1,53
2367,1,53
2368,1,53
2369,1,53
2370,1,53
2371,1,53
2372,1,53
2373,1,53
2374,1,53
2375,1,53
2376,1,53
2377,1,53
2378,0,01
2379,0,01
2380,0
2381,0
2382,0
2383,0
2384,1,53
2385,1,53
2386,1,53
2387,1,53
2388,1,53
2389,1,53
2390,1,53
2391,1,53
2392,1,53
2393,1,52
2394,1,53
2395,1,52
2396,0,06
2397,0,01
2398,0,01
2399,0
2400,0
2401,0
2402,1,52
2403,1,52
2404,1,52
2405,1,53
2406,1,53
2407,1,53
2408,1,53
2409,1,53
2410,1,53
2411,1,53
2412,1,53
2413,1,53
2414,1,53
2415,0,01
2416,0,01
2417,0,01
2418,0,01
2419,0,01
2420,1,53
2421,1,53
2422,1,53
2423,1,53
2424,0,01
2425,0,01
2426,0,01
2427,0,01
2428,0,01
2429,1,53
2430,1,53
2431,1,53
2432,1,53
2433,0,01
2434,0,01
2435,0,01
2436,0,01
2437,0,01
2438,0,01
2439,1,53
2440,1,53
2441,1,53
2442,0,01
2443,0,01
2444,0
2445,0,01
2446,0,01
2447,0,01
2448,1,53
2449,1,53
2450,1,53
2451,1,53
2452,0
2453,0,01
2454,0,01
2455,0,01
2456,0,01
2457,1,53
2458,1,53
2459,1,53
2460,1,53
2461,0,01
2462,0,01
2463,0,01
2464,0,01
2465,0,01
2466,1,53
2467,1,53
2468,1,53
2469,1,53
2470,1,53
2471,1,53
2472,1,53
2473,1,53
2474,1,53
2475,1,53
2476,1,53
2477,1,53
2478,1,53
2479,0,01
2480,0,01
2481,0
2482,0
2483,0
2484,1,52
2485,1,52
2486,1,53
2487,1,53
2488,1,53
2489,1,53
2490,1,53
2491,1,53
2492,1,53
2493,1,53
2494,1,53
2495,1,53
2496,1,53
2497,0,01
2498,0,01
2499,0,01
2500,0,01
2501,0
2502,0,01
2503,1,53
2504,1,53
2505,1,53
2506,1,53
2507,0,01
2508,0,01
2509,0,01
2510,0,01
2511,0,01
2512,1,53
2513,1,53
2514,1,53
2515,1,53
2516,1,53
2517,1,53
2518,1,53
2519,1,53
2520,1,53
2521,1,53
2522,1,53
2523,1,53
2524,1,53
2525,0,01
2526,0,01
2527,0,01
2528,0,01
2529,0,01
2530,1,53
2531,1,53
2532,1,53
2533,1,53
2534,0,01
2535,0,01
2536,0,01
2537,0,01
2538,0,01
2539,1,53
2540,1,53
2541,1,53
2542,1,53
2543,0,01
2544,0,01
2545,0,01
2546,0,01
2547,0,01
2548,0,01
2549,1,53
2550,1,52
2551,1,53
2552,0,01
2553,0,01
2554,0,01
2555,0,01
2556,0,01
2557,0,01
2558,1,53
2559,1,53
2560,1,53
2561,1,53
2562,0,01
2563,0
2564,0
2565,0,01
2566,0,01
2567,1,53
2568,1,53
2569,1,53
2570,1,53
2571,0,01
2572,0,01
2573,0,01
2574,0,01
2575,0,01
2576,0,01
2577,0,01
2578,1,53
2579,1,53
2580,0,01
2581,0,01
2582,0,01
2583,0
2584,0,01
2585,1,53
2586,1,53
2587,1,53
2588,1,53
2589,1,53
2590,1,53
2591,1,52
2592,1,53
2593,1,53
2594,1,53
2595,1,53
2596,1,53
2597,1,53
2598,0,01
2599,0
2600,0,01
2601,0,01
2602,0,01
2603,1,53
2604,1,53
2605,1,53
2606,1,53
2607,0
2608,0,01
2609,0,01
2610,0,01
2611,0,01
2612,0,01
2613,1,53
2614,1,53
2615,1,53
2616,1,53
2617,1,53
2618,1,53
2619,1,53
2620,1,53
2621,1,53
2622,1,53
2623,1,53
2624,1,53
2625,1,53
2626,0,01
2627,0,01
2628,0,01
2629,0,01
2630,0,01
2631,1,53
2632,1,53
2633,1,53
2634,1,53
2635,1,52
2636,1,52
2637,1,52
2638,1,52
2639,1,53
2640,1,52
2641,1,53
2642,1,53
2643,1,53
2644,0,01
2645,0
2646,0
2647,0
2648,0
2649,0,01
2650,1,52
2651,1,52
2652,1,52
2653,1,52
2654,1,52
2655,1,52
2656,1,52
2657,1,52
2658,1,52
2659,1,53
2660,1,52
2661,1,52
2662,0,02
2663,0,01
2664,0,01
2665,0,01
2666,0,01
2667,0,01
2668,1,52
2669,1,52
2670,1,52
2671,1,52
2672,1,52
2673,1,52
2674,1,53
2675,1,52
2676,1,52
2677,1,53
2678,1,52
2679,1,52
2680,1,52
2681,0
2682,0,01
2683,0,01
2684,0,01
2685,0,01
2686,1,53
2687,1,52
2688,1,52
2689,1,52
2690,1,52
2691,1,53
2692,1,53
2693,1,53
2694,1,53
2695,1,53
2696,1,53
2697,1,53
2698,1,53
2699,1,53
2700,1,53
2701,1,53
2702,1,53
2703,1,53
2704,1,53
2705,1,53
2706,1,53
2707,1,53
2708,1,52
2709,1,52
2710,1,52
2711,1,53
2712,1,53
2713,1,53
2714,1,53
2715,1,53
2716,1,53
2717,1,53
2718,1,53
2719,1,52
2720,1,52
2721,1,52
2722,1,52
2723,1,52
2724,1,52
2725,1,52
2726,1,52
2727,1,52
2728,1,53
2729,1,52
2730,1,52
2731,1,52
2732,1,52
2733,1,53
2734,1,53
2735,1,53
2736,1,53
2737,1,53
2738,1,53
2739,1,53
2740,1,53
2741,1,53
2742,1,53
2743,1,53
2744,1,53
2745,1,53
2746,1,53
2747,1,53
2748,1,53
2749,1,53
2750,1,53
2751,1,53
2752,1,53
2753,1,53
2754,1,53
2755,1,53
2756,1,53
2757,1,53
2758,1,53
2759,1,53
2760,1,53
2761,1,53
2762,1,53
2763,1,53
2764,1,53
2765,1,53
2766,1,53
2767,1,53
2768,1,53
2769,1,53
2770,1,53
2771,1,52
2772,1,53
2773,1,53
2774,1,53
2775,1,53
2776,1,53
2777,1,53
2778,1,53
2779,1,53
2780,1,53
2781,1,53
2782,1,53
2783,1,53
2784,1,53
2785,1,53
2786,1,53
2787,1,53
2788,1,53
2789,1,53
2790,1,53
2791,1,53
2792,1,53
2793,1,53
2794,1,53
2795,1,53
2796,1,53
2797,1,53
2798,1,53
2799,1,53
2800,1,53
2801,1,53
2802,1,53
2803,1,53
2804,1,53
2805,1,53
2806,1,53
2807,1,53
2808,1,53
2809,1,53
2810,1,53
2811,1,53
2812,1,53
2813,1,53
2814,1,53
2815,1,53
2816,1,53
2817,1,53
2818,1,53
2819,1,53
2820,1,53
2821,1,53
2822,1,53
2823,1,53
2824,1,53
2825,1,53
2826,1,53
2827,1,53
2828,1,53
2829,1,53
2830,1,53
2831,1,53
2832,1,53
2833,1,53
2834,1,53
2835,1,53
2836,1,53
2837,1,53
2838,1,53
2839,1,53
2840,1,53
2841,1,53
2842,1,53
2843,1,53
2844,1,53
2845,1,53
2846,1,53
2847,1,53
2848,1,53
2849,1,53
2850,1,53
2851,1,53
2852,1,53
2853,1,53
2854,1,53
2855,1,53
2856,1,53
2857,1,53
2858,1,53
2859,1,53
2860,1,53
2861,1,53
2862,1,53
2863,1,53
2864,1,53
2865,1,53
2866,1,53
2867,1,53
2868,1,53
2869,1,53
2870,1,53
2871,1,53
2872,1,53
2873,1,53
2874,1,53
2875,1,53
2876,1,53
2877,1,52
2878,1,53
2879,1,53
2880,1,53
2881,1,53
2882,1,53
2883,1,53
2884,1,53
2885,1,53
2886,1,53
2887,1,53
2888,1,53
2889,1,53
2890,1,52
2891,1,53
2892,1,53
2893,1,53
2894,1,53
2895,1,53
2896,1,53
2897,1,53
2898,1,53
2899,1,53
2900,1,53
2901,1,53
2902,1,53
2903,1,53
2904,1,53
2905,1,53
2906,1,53
2907,1,53
2908,1,53
2909,1,53
2910,1,53
2911,1,53
2912,1,53
2913,1,53
2914,1,53
2915,1,53
2916,1,53
2917,1,53
2918,1,53
2919,1,53
2920,1,53
2921,1,53
2922,1,53
2923,1,53
2924,1,53
2925,1,53
2926,1,53
2927,1,53
2928,1,53
2929,1,53
2930,1,53
2931,1,53
2932,1,53
2933,1,53
2934,1,53
2935,1,53
2936,1,53
2937,1,53
2938,1,53
2939,1,53
2940,1,53
2941,1,53
2942,1,53
2943,1,53
2944,1,53
2945,1,53
2946,1,53
2947,1,53
2948,1,53
2949,1,53
2950,1,53
2951,1,53
2952,1,53
2953,1,53
2954,1,53
2955,1,53
2956,1,53
2957,1,53
2958,1,53
2959,1,53
2960,1,53
2961,1,53
2962,1,53
2963,1,53
2964,1,53
2965,1,53
2966,1,53
2967,1,52
2968,1,53
2969,1,53
2970,1,53
2971,1,53
2972,1,52
2973,1,52
2974,1,53
2975,1,52
2976,1,53
2977,1,53
2978,1,53
2979,1,53
2980,1,53
2981,1,53
2982,1,53
2983,1,52
2984,1,53
2985,1,53
2986,1,53
2987,1,53
2988,1,53
2989,1,53
2990,1,53
2991,1,53
2992,1,53
2993,1,53
2994,1,53
2995,1,53
2996,1,53
2997,1,53
2998,1,53
2999,1,53
3000,1,53
3001,1,53
3002,1,53
3003,1,53
3004,1,53
3005,1,53
3006,1,53
3007,1,53
3008,1,53
3009,1,53
3010,1,53
3011,1,53
3012,1,53
3013,1,53
3014,1,53
3015,1,53
3016,1,53
3017,1,53
3018,1,53
3019,1,53
3020,1,53
3021,1,53
3022,1,53
3023,1,53
3024,1,53
3025,1,53
3026,1,53
3027,1,53
3028,1,53
3029,1,53
3030,1,53
3031,1,53
3032,1,53
3033,1,53
3034,1,53
3035,1,53
3036,1,53
3037,1,53
3038,1,53
3039,1,53
3040,1,53
3041,1,53
3042,1,53
3043,1,53
3044,1,53
3045,1,53
3046,1,53
3047,1,53
3048,1,53
3049,1,53
3050,1,53
3051,1,53
3052,1,53
3053,1,53
3054,1,53
3055,1,52
3056,1,53
3057,1,53
3058,1,53
3059,1,53
3060,1,53
3061,1,53
3062,1,53
3063,1,53
3064,1,53
3065,1,52
3066,1,53
3067,1,53
3068,0,01
3069,0,01
3070,0,01
3071,0,01
3072,0,01
3073,0
3074,0,01
3075,0,01
3076,0,01
3077,0,01
3078,0,01
3079,0,01
3080,0,01
3081,0,01
3082,0,01
3083,0,01
3084,0,01
3085,0,01
3086,0,01
3087,0,01
3088,0,01
3089,0,01
3090,0,01
3091,0,01
3092,0,01
3093,0,01
3094,0,01
3095,0,01
3096,0,01
3097,0,01
3098,0,01
3099,0,01
3100,0,01
3101,0,01
3102,0,01
3103,0,01
3104,0,01
3105,0,01
3106,0,01
3107,0,01
3108,1,53
3109,1,53
3110,1,53
3111,1,53
3112,1,53
3113,1,53
3114,1,52
3115,1,53
3116,1,53
3117,1,53
3118,1,53
3119,1,53
3120,1,53
3121,1,53
3122,1,52
3123,1,53
3124,1,53
3125,1,53
3126,1,53
3127,1,53
3128,1,53
3129,1,53
3130,1,53
3131,1,53
3132,1,53
3133,1,53
3134,1,53
3135,1,52
3136,1,52
3137,1,52
3138,1,52
3139,1,52
3140,1,52
3141,1,52
3142,0
3143,0
3144,0
3145,0
3146,0
3147,0,01
3148,1,52
3149,1,52
3150,1,53
3151,1,53
3152,1,53
3153,1,53
3154,1,53
3155,1,53
3156,1,53
3157,1,52
3158,1,52
3159,1,52
3160,0,03
3161,0,01
3162,0
3163,0
3164,0,01
3165,0,01
3166,1,52
3167,1,53
3168,1,53
3169,1,53
3170,1,52
3171,1,52
3172,1,52
3173,1,52
3174,1,52
3175,1,52
3176,1,52
3177,1,52
3178,1,52
3179,0,01
3180,0,01
3181,0,02
3182,0,02
3183,0,01
3184,1,53
3185,1,53
3186,1,53
3187,1,53
3188,1,53
3189,1,53
3190,1,53
3191,1,53
3192,1,53
3193,1,53
3194,1,53
3195,1,53
3196,1,53
3197,0,01
3198,0,01
3199,0,01
3200,0,01
3201,0,01
3202,0,01
3203,1,53
3204,1,53
3205,1,53
3206,0,01
3207,0,01
3208,0,01
3209,0,01
3210,0,01
3211,0,01
3212,1,53
3213,1,53
3214,1,53
3215,1,53
3216,0,01
3217,0
3218,0
3219,0,01
3220,0
3221,0,01
3222,1,53
3223,1,53
3224,1,53
3225,0,01
3226,0,01
3227,0,01
3228,0,01
3229,0,01
3230,0,01
3231,1,53
3232,1,53
3233,1,53
3234,0,01
3235,0,01
3236,0,01
3237,0,01
3238,0,01
3239,1,53
3240,1,53
3241,1,53
3242,1,53
3243,0,01
3244,0,01
3245,0,01
3246,0,01
3247,0,01
3248,1,53
3249,1,53
3250,1,53
3251,1,53
3252,1,53
3253,1,53
3254,1,53
3255,1,53
3256,1,53
3257,1,53
3258,1,53
3259,1,53
3260,1,53
3261,0
3262,0,01
3263,0,01
3264,0,01
3265,0,01
3266,0,01
3267,1,53
3268,1,53
3269,1,52
3270,1,53
3271,1,53
3272,1,53
3273,1,52
3274,1,53
3275,1,53
3276,1,53
3277,1,53
3278,1,53
3279,1,53
3280,0,01
3281,0,01
3282,0,01
3283,0,01
3284,0,01
3285,1,53
3286,1,53
3287,1,53
3288,1,53
3289,1,53
3290,1,53
3291,1,53
3292,1,53
3293,1,53
3294,1,53
3295,1,53
3296,1,53
3297,1,53
3298,0,01
3299,0
3300,0
3301,0,01
3302,0
3303,1,53
3304,1,53
3305,1,53
3306,1,53
3307,0,01
3308,0,01
3309,0,01
3310,0
3311,0,01
3312,0,01
3313,1,53
3314,1,53
3315,1,53
3316,0,01
3317,0,01
3318,0
3319,0,01
3320,0,01
3321,0,01
3322,1,53
3323,1,53
3324,1,53
3325,1,53
3326,0,01
3327,0,01
3328,0,01
3329,0,01
3330,0,01
3331,1,53
3332,1,52
3333,1,52
3334,1,53
3335,0,01
3336,0,01
3337,0,01
3338,0,01
3339,0,01
3340,1,53
3341,1,52
3342,1,52
3343,1,52
3344,0
3345,0
3346,0
3347,0
3348,0
3349,1,53
3350,1,53
3351,1,53
3352,1,53
3353,1,53
3354,1,53
3355,1,53
3356,1,53
3357,1,53
3358,1,53
3359,1,52
3360,1,53
3361,1,53
3362,0,01
3363,0,01
3364,0,01
3365,0,01
3366,0,01
3367,0
3368,1,53
3369,1,53
3370,1,53
3371,1,53
3372,1,53
3373,1,53
3374,1,53
3375,1,53
3376,1,53
3377,1,53
3378,1,53
3379,1,53
3380,1,53
3381,0
3382,0,01
3383,0,01
3384,0,01
3385,0,01
3386,1,53
3387,1,53
3388,1,53
3389,1,53
3390,0,01
3391,0,01
3392,0,01
3393,0,01
3394,0,01
3395,1,53
3396,1,53
3397,1,53
3398,1,53
3399,1,53
3400,1,52
3401,1,52
3402,1,53
3403,1,53
3404,1,53
3405,1,53
3406,1,53
3407,1,53
3408,0
3409,0,01
3410,0,01
3411,0,01
3412,0,01
3413,1,53
3414,1,53
3415,1,53
3416,1,53
3417,0,01
3418,0,01
3419,0,01
3420,0,01
3421,0,01
3422,0,01
3423,1,53
3424,1,53
3425,1,53
3426,0,01
3427,0,01
3428,0,01
3429,0,01
3430,0,01
3431,0,01
3432,1,53
3433,1,53
3434,1,53
3435,1,53
3436,0,01
3437,0,01
3438,0,01
3439,0,01
3440,0,01
3441,1,53
3442,1,53
3443,1,53
3444,1,53
3445,0,01
3446,0,01
3447,0,01
3448,0,01
3449,0
3450,0,01
3451,1,53
3452,1,53
3453,1,53
3454,0,01
3455,0,01
3456,0,01
3457,0
3458,0,01
3459,1,53
3460,1,53
3461,1,53
3462,1,53
3463,0
3464,0,01
3465,0,01
3466,0,01
3467,0,01
3468,0,01
3469,1,53
3470,1,53
3471,1,53
3472,1,53
3473,1,53
3474,1,53
3475,1,53
3476,1,53
3477,1,53
3478,1,53
3479,1,53
3480,1,53
3481,0,01
3482,0,01
3483,0,01
3484,0,01
3485,0,01
3486,0,01
3487,1,53
3488,1,53
3489,1,53
3490,1,53
3491,0,01
3492,0,01
3493,0,01
3494,0,01
3495,0
3496,1,52
3497,1,53
3498,1,53
3499,1,53
3500,1,53
3501,1,53
3502,1,53
3503,1,53
3504,1,53
3505,1,53
3506,1,53
3507,1,53
3508,1,53
3509,0,01
3510,0,01
3511,0,01
3512,0,01
3513,0,01
3514,1,53
3515,1,53
3516,1,53
3517,1,53
3518,1,53
3519,1,53
3520,1,53
3521,1,53
3522,1,53
3523,1,53
3524,1,53
3525,1,53
3526,1,53
3527,0
3528,0
3529,0,01
3530,0,01
3531,0,01
3532,0,01
3533,1,53
3534,1,53
3535,1,53
3536,1,53
3537,1,53
3538,1,53
3539,1,53
3540,1,53
3541,1,53
3542,1,53
3543,1,53
3544,1,53
3545,1,53
3546,0,01
3547,0
3548,0,01
3549,0,01
3550,0,01
3551,1,53
3552,1,53
3553,1,53
3554,1,53
3555,1,53
3556,1,53
3557,1,53
3558,1,53
3559,1,53
3560,1,53
3561,1,53
3562,1,53
3563,1,53
3564,0,01
3565,0,01
3566,0,01
3567,0,01
3568,0,01
3569,1,53
3570,1,53
3571,1,53
3572,1,53
3573,1,53
3574,1,53
3575,1,53
3576,1,53
3577,1,53
3578,1,53
3579,1,53
3580,1,53
3581,1,53
3582,1,53
3583,1,53
3584,1,53
3585,1,53
3586,1,53
3587,1,53
3588,1,52
3589,1,53
3590,1,53
3591,1,53
3592,1,53
3593,1,53
3594,1,53
3595,1,53
3596,1,53
3597,1,53
3598,1,53
3599,1,53
3600,1,53
3601,1,53
3602,1,53
3603,1,53
3604,1,53
3605,1,53
3606,1,53
3607,1,53
3608,1,53
3609,1,53
3610,1,53
3611,1,53
3612,1,53
3613,1,53
3614,1,53
3615,1,53
3616,1,53
3617,1,53
3618,1,53
3619,1,53
3620,1,53
3621,1,53
3622,1,53
3623,1,53
3624,1,53
3625,1,53
3626,1,53
3627,1,53
3628,1,53
3629,1,53
3630,1,53
3631,1,53
3632,1,53
3633,1,53
3634,1,53
3635,1,53
3636,1,53
3637,1,52
3638,1,53
3639,1,53
3640,1,53
3641,1,53
3642,1,53
3643,1,53
3644,1,53
3645,1,53
3646,1,53
3647,1,53
3648,1,53
3649,1,53
3650,1,53
3651,1,53
3652,1,53
3653,1,53
3654,1,53
3655,1,52
3656,1,53
3657,1,53
3658,1,53
3659,1,53
3660,1,53
3661,1,53
3662,1,53
3663,1,53
3664,1,53
3665,1,53
3666,1,53
3667,1,53
3668,1,53
3669,1,53
3670,1,53
3671,1,53
3672,1,53
3673,1,53
3674,1,53
3675,1,53
3676,1,53
3677,1,53
3678,1,53
3679,1,53
3680,1,53
3681,1,53
3682,1,53
3683,1,53
3684,1,53
3685,1,53
3686,1,53
3687,1,53
3688,1,53
3689,1,53
3690,1,53
3691,1,53
3692,1,53
3693,1,53
3694,1,53
3695,1,53
3696,1,53
3697,1,53
3698,1,53
3699,1,53
3700,1,53
3701,1,53
3702,1,53
3703,1,53
3704,1,53
3705,1,53
3706,1,53
3707,1,53
3708,1,53
3709,1,53
3710,1,53
3711,1,53
3712,1,53
3713,1,53
3714,1,53
3715,1,53
3716,1,53
3717,1,53
3718,1,53
3719,1,53
3720,1,53
3721,1,53
3722,1,53
3723,1,53
3724,1,53
3725,1,53
3726,1,53
3727,1,53
3728,1,53
3729,1,53
3730,1,53
3731,1,53
3732,1,53
3733,1,53
3734,1,53
3735,1,53
3736,1,53
3737,1,53
3738,1,53
3739,1,53
3740,1,53
3741,1,53
3742,1,53
3743,1,53
3744,1,53
3745,1,53
3746,1,53
3747,1,53
3748,1,53
3749,1,53
3750,1,53
3751,1,53
3752,1,53
3753,1,53
3754,1,53
3755,1,53
3756,1,53
3757,1,53
3758,1,53
3759,1,53
3760,1,53
3761,1,53
3762,1,53
3763,1,53
3764,1,53
3765,1,53
3766,1,53
3767,1,53
3768,1,53
3769,1,53
3770,1,53
3771,1,53
3772,1,53
3773,1,53
3774,1,53
3775,1,53
3776,1,53
3777,1,53
3778,1,53
3779,1,53
3780,1,53
3781,1,53
3782,1,53
3783,1,52
3784,1,52
3785,1,53
3786,1,53
3787,1,53
3788,1,53
3789,1,53
3790,1,54
3791,1,53
3792,1,53
3793,1,53
3794,1,53
3795,1,53
3796,1,53
3797,1,53
3798,1,53
3799,1,53
3800,1,53
3801,1,53
3802,1,53
3803,1,53
3804,1,53
3805,1,53
3806,1,53
3807,1,53
3808,1,53
3809,1,53
3810,1,53
3811,1,53
3812,1,53
3813,1,53
3814,1,53
3815,1,53
3816,1,53
3817,1,53
3818,1,53
3819,1,53
3820,1,53
3821,1,53
3822,1,53
3823,1,53
3824,1,53
3825,1,53
3826,1,53
3827,1,53
3828,1,53
3829,1,53
3830,1,53
3831,1,53
3832,1,53
3833,1,53
3834,1,53
3835,1,53
3836,1,53
3837,1,53
3838,1,53
3839,1,53
3840,1,53
3841,1,53
3842,1,53
3843,1,53
3844,1,53
3845,1,53
3846,1,53
3847,1,53
3848,1,53
3849,1,53
3850,1,53
3851,1,53
3852,1,53
3853,1,53
3854,1,53
3855,1,53
3856,1,53
3857,1,53
3858,1,53
3859,1,53
3860,1,53
3861,1,53
3862,1,53
3863,1,53
3864,1,53
3865,1,53
3866,1,53
3867,1,53
3868,1,53
3869,1,53
3870,1,53
3871,1,53
3872,1,52
3873,1,53
3874,1,53
3875,1,53
3876,1,53
3877,1,53
3878,1,53
3879,1,53
3880,1,53
3881,1,53
3882,1,53
3883,1,53
3884,1,53
3885,1,53
3886,1,53
3887,1,53
3888,1,53
3889,1,53
3890,1,53
3891,1,53
3892,1,53
3893,1,53
3894,1,53
3895,1,53
3896,1,53
3897,1,53
3898,1,53
3899,1,53
3900,1,53
3901,1,53
3902,1,53
3903,1,53
3904,1,53
3905,1,53
3906,1,53
3907,1,53
3908,1,53
3909,1,53
3910,1,52
3911,1,52
3912,1,53
3913,1,53
3914,1,53
3915,1,53
3916,1,53
3917,1,53
3918,1,53
3919,1,53
3920,1,53
3921,1,53
3922,1,53
3923,1,53
3924,1,53
3925,1,53
3926,1,53
3927,1,53
3928,1,53
3929,1,53
3930,1,53
3931,1,53
3932,1,53
3933,1,53
3934,1,53
3935,1,53
3936,1,53
3937,1,53
3938,1,53
3939,1,53
3940,1,53
3941,1,53
3942,1,53
3943,1,53
3944,1,53
3945,1,53
3946,1,53
3947,1,53
3948,1,53
3949,1,53
3950,1,53
3951,1,53
3952,0
3953,0
3954,0
3955,0,01
3956,0,01
3957,0,01
3958,0,01
3959,0,01
3960,0,01
3961,0,01
3962,0,01
3963,0,01
3964,0,01
3965,0,01
3966,0,01
3967,0,01
3968,0,01
3969,0,01
3970,0,01
3971,0,01
3972,0
3973,0,01
3974,0,01
3975,0,01
3976,0,01
3977,0,01
3978,0,01
3979,0,01
3980,0
3981,0,01
3982,0,01
3983,0,01
3984,0,01
3985,0,01
3986,0
3987,0
3988,0
3989,0,01
3990,1,53
3991,1,53
3992,1,53
3993,1,53
3994,1,53
3995,1,53
3996,1,53
3997,1,53
3998,1,53
3999,1,53
