Time [ms],Voltage [V]
0,1,53
1,1,53
2,1,53
3,0,01
4,0,01
5,0,01
6,0,01
7,0,01
8,0,01
9,1,53
10,1,53
11,1,53
12,1,53
13,0,01
14,0,01
15,0,01
16,0,01
17,0,01
18,1,53
19,1,53
20,1,53
21,1,53
22,0,01
23,0,01
24,0,01
25,0,01
26,0,01
27,1,53
28,1,53
29,1,53
30,1,53
31,0,01
32,0
33,0,01
34,0,01
35,0,01
36,1,53
37,1,53
38,1,53
39,1,53
40,1,52
41,1,53
42,1,53
43,1,53
44,1,53
45,1,53
46,1,53
47,1,53
48,1,53
49,0,01
50,0
51,0
52,0
53,0
54,1,52
55,1,53
56,1,53
57,1,53
58,1,53
59,1,53
60,1,52
61,1,52
62,1,52
63,1,53
64,1,53
65,1,53
66,1,53
67,1,53
68,0,01
69,0,01
70,0,01
71,0,01
72,0,01
73,1,53
74,1,53
75,1,53
76,1,53
77,1,53
78,1,53
79,1,53
80,1,53
81,1,52
82,1,53
83,1,53
84,1,53
85,1,53
86,0,01
87,0,01
88,0,01
89,0
90,0,01
91,1,53
92,1,53
93,1,53
94,1,53
95,0,01
96,0,01
97,0
98,0,01
99,0,01
100,1,53
101,1,53
102,1,53
103,1,53
104,0,01
105,0,01
106,0,01
107,0,01
108,0,01
109,1,53
110,1,52
111,1,53
112,1,53
113,0,01
114,0,01
115,0,01
116,0,01
117,0,01
118,0,01
119,1,53
120,1,53
121,1,53
122,1,53
123,0,01
124,0,01
125,0,01
126,0,01
127,0,01
128,1,53
129,1,53
130,1,52
131,1,53
132,0,01
133,0,01
134,0,01
135,0,01
136,0,01
137,1,53
138,1,53
139,1,53
140,1,53
141,0,01
142,0
143,0
144,0
145,0,01
146,1,53
147,1,53
148,1,53
149,1,53
150,0,01
151,0,01
152,0,01
153,0,01
154,0,01
155,1,53
156,1,53
157,1,53
158,1,53
159,0,01
160,0,01
161,0,01
162,0,01
163,0,01
164,1,53
165,1,53
166,1,53
167,1,53
168,1,53
169,1,53
170,1,53
171,1,53
172,1,53
173,1,53
174,1,53
175,1,53
176,1,53
177,1,53
178,0
179,0
180,0
181,0
182,0
183,1,52
184,1,52
185,1,53
186,1,52
187,1,52
188,1,52
189,1,52
190,1,52
191,1,53
192,1,52
193,1,52
194,1,52
195,1,52
196,0,01
197,0,01
198,0,01
199,0,01
200,0,01
201,1,52
202,1,52
203,1,52
204,1,52
205,1,53
206,1,52
207,1,52
208,1,52
209,1,52
210,1,52
211,1,52
212,1,52
213,1,53
214,0,01
215,0,01
216,0,01
217,0,01
218,0,01
219,1,53
220,1,53
221,1,53
222,1,52
223,1,52
224,1,52
225,1,52
226,1,52
227,1,52
228,1,52
229,1,52
230,1,52
231,1,52
232,1,53
233,0,01
234,0,01
235,0,01
236,0,01
237,0,01
238,1,54
239,1,53
240,1,53
241,1,53
242,1,53
243,1,53
244,1,53
245,1,52
246,1,52
247,1,52
248,1,53
249,1,53
250,1,53
251,0,01
252,0,01
253,0,01
254,0,01
255,0,01
256,1,53
257,1,53
258,1,53
259,1,53
260,1,53
261,1,53
262,1,53
263,1,53
264,1,53
265,1,53
266,1,53
267,1,53
268,1,53
269,1,53
270,1,53
271,1,53
272,1,53
273,1,53
274,1,53
275,1,52
276,1,52
277,1,52
278,1,53
279,1,53
280,1,53
281,1,53
282,1,53
283,1,53
284,1,53
285,1,52
286,1,53
287,1,53
288,1,53
289,1,53
290,1,53
291,1,53
292,1,53
293,1,53
294,1,53
295,1,53
296,1,53
297,1,53
298,1,53
299,1,53
300,1,53
301,1,53
302,1,53
303,1,53
304,1,53
305,1,53
306,1,53
307,1,53
308,1,53
309,1,53
310,1,53
311,1,53
312,1,53
313,1,53
314,1,53
315,1,53
316,1,53
317,1,53
318,1,53
319,1,53
320,1,53
321,1,53
322,1,53
323,1,53
324,1,53
325,1,53
326,1,52
327,1,53
328,1,53
329,1,53
330,1,53
331,1,53
332,1,53
333,1,53
334,1,52
335,1,53
336,1,53
337,1,53
338,1,53
339,1,53
340,1,53
341,1,53
342,1,53
343,1,53
344,1,53
345,1,53
346,1,53
347,1,53
348,1,53
349,1,53
350,1,53
351,1,53
352,1,53
353,1,53
354,1,53
355,1,53
356,1,53
357,1,53
358,1,53
359,1,53
360,1,53
361,1,53
362,1,53
363,1,53
364,1,53
365,1,53
366,1,53
367,1,52
368,1,53
369,1,53
370,1,53
371,1,53
372,1,53
373,1,52
374,1,52
375,1,52
376,1,52
377,1,52
378,1,52
379,1,52
380,1,52
381,1,53
382,1,53
383,1,53
384,1,53
385,1,53
386,1,53
387,1,53
388,1,53
389,1,53
390,1,53
391,1,53
392,1,53
393,1,53
394,1,53
395,1,53
396,1,53
397,1,53
398,1,53
399,1,53
400,1,53
401,1,54
402,1,52
403,1,53
404,1,53
405,1,53
406,1,53
407,1,53
408,1,53
409,1,53
410,1,53
411,1,52
412,1,52
413,1,53
414,1,53
415,1,53
416,1,53
417,1,53
418,1,53
419,1,53
420,1,53
421,1,53
422,1,53
423,1,53
424,1,53
425,1,53
426,1,53
427,1,53
428,1,53
429,1,53
430,1,53
431,1,53
432,1,53
433,1,53
434,1,53
435,1,53
436,1,53
437,1,53
438,1,52
439,1,52
440,1,53
441,1,53
442,1,53
443,1,53
444,1,53
445,1,53
446,1,53
447,1,53
448,1,53
449,1,53
450,1,53
451,1,53
452,1,53
453,1,53
454,1,53
455,1,53
456,1,53
457,1,53
458,1,53
459,1,53
460,1,53
461,1,53
462,1,53
463,1,53
464,1,53
465,1,52
466,1,53
467,1,53
468,1,53
469,1,53
470,1,53
471,1,53
472,1,53
473,1,53
474,1,53
475,1,53
476,1,53
477,1,53
478,1,53
479,1,53
480,1,53
481,1,53
482,1,53
483,1,5
484,1,53
485,1,53
486,1,53
487,1,53
488,1,53
489,1,53
490,1,53
491,1,53
492,1,53
493,1,53
494,1,53
495,1,53
496,1,53
497,1,53
498,1,53
499,1,53
500,1,52
501,1,52
502,1,53
503,1,53
504,1,53
505,1,53
506,1,53
507,1,53
508,1,53
509,1,53
510,1,53
511,1,53
512,1,53
513,1,53
514,1,52
515,1,53
516,1,53
517,1,53
518,1,53
519,1,53
520,1,53
521,1,53
522,1,53
523,1,53
524,1,53
525,1,53
526,1,53
527,1,53
528,1,53
529,1,53
530,1,53
531,1,53
532,1,53
533,1,53
534,1,53
535,1,53
536,1,53
537,1,53
538,1,53
539,1,53
540,1,53
541,1,53
542,1,53
543,1,53
544,1,53
545,1,53
546,1,53
547,1,53
548,1,53
549,1,53
550,1,53
551,1,53
552,1,53
553,1,53
554,1,53
555,1,53
556,1,53
557,1,53
558,1,53
559,1,53
560,1,53
561,1,53
562,1,53
563,1,53
564,1,53
565,1,53
566,1,53
567,1,53
568,1,53
569,1,53
570,1,53
571,1,52
572,1,53
573,1,53
574,1,53
575,1,53
576,1,53
577,1,53
578,1,53
579,1,53
580,1,53
581,1,53
582,1,53
583,1,53
584,1,53
585,1,53
586,1,53
587,1,53
588,1,53
589,1,53
590,1,53
591,1,53
592,1,53
593,1,53
594,1,53
595,1,53
596,1,53
597,1,53
598,1,53
599,1,53
600,1,53
601,1,53
602,1,53
603,1,53
604,1,53
605,1,53
606,1,53
607,1,53
608,1,53
609,1,53
610,1,53
611,1,53
612,1,52
613,1,53
614,1,53
615,1,53
616,1,53
617,1,53
618,1,53
619,1,53
620,1,53
621,1,53
622,1,53
623,1,53
624,1,53
625,1,53
626,1,53
627,1,53
628,1,53
629,1,53
630,1,53
631,1,53
632,1,53
633,1,53
634,1,53
635,1,53
636,1,53
637,1,53
638,1,53
639,0,01
640,0,01
641,0,01
642,0,01
643,0,01
644,0,01
645,0,01
646,0
647,0
648,0,01
649,0,01
650,0,01
651,0,01
652,0,01
653,0
654,0,01
655,0,01
656,0,01
657,0,01
658,0,01
659,0,01
660,0,01
661,0
662,0,01
663,0,01
664,0,01
665,0,01
666,0,01
667,0,01
668,0,01
669,0
670,0
671,0,01
672,0,01
673,0,01
674,0,01
675,0,01
676,1,53
677,1,53
678,1,53
679,1,53
680,1,53
681,1,53
682,1,53
683,1,53
684,1,53
685,1,53
686,1,53
687,1,53
688,1,53
689,1,53
690,1,53
691,1,53
692,1,53
693,1,53
694,1,53
695,1,53
696,1,53
697,1,53
698,1,53
699,1,53
700,1,53
701,1,53
702,1,52
703,1,53
704,1,53
705,1,53
706,1,53
707,1,53
708,1,53
709,1,53
710,1,53
711,1,53
712,0,01
713,0,01
714,0,01
715,0,01
716,0,01
717,1,53
718,1,52
719,1,53
720,1,53
721,1,53
722,1,53
723,1,53
724,1,53
725,1,53
726,1,53
727,1,53
728,1,52
729,1,53
730,1,53
731,0,01
732,0,01
733,0,01
734,0,01
735,0,01
736,1,53
737,1,53
738,1,53
739,1,53
740,1,53
741,1,53
742,1,53
743,1,53
744,1,53
745,1,53
746,1,53
747,1,53
748,1,53
749,0,01
750,0,01
751,0
752,0,01
753,0,01
754,1,53
755,1,52
756,1,52
757,1,52
758,1,52
759,1,52
760,1,53
761,1,53
762,1,53
763,1,53
764,1,53
765,1,53
766,1,53
767,0
768,0,01
769,0,01
770,0,01
771,0,01
772,0,01
773,1,53
774,1,53
775,1,53
776,0,02
777,0,01
778,0,01
779,0,01
780,0,01
781,0,01
782,1,53
783,1,53
784,1,53
785,1,53
786,0,01
787,0,01
788,0,01
789,0,01
790,0,01
791,0,01
792,1,53
793,1,53
794,1,53
795,0,01
796,0,01
797,0,01
798,0,01
799,0,01
800,1,53
801,1,53
802,1,53
803,1,53
804,0,01
805,0,01
806,0,01
807,0,01
808,0
809,1,52
810,1,53
811,1,53
812,1,53
813,0,01
814,0,01
815,0,01
816,0
817,0
818,0
819,1,52
820,1,52
821,1,53
822,1,53
823,1,53
824,1,53
825,1,53
826,1,53
827,1,53
828,1,53
829,1,53
830,1,53
831,0,02
832,0,01
833,0
834,0,01
835,0,01
836,0,01
837,1,53
838,1,53
839,1,53
840,1,53
841,1,53
842,1,53
843,1,53
844,1,53
845,1,53
846,1,53
847,1,53
848,1,53
849,1,52
850,0,01
851,0,01
852,0,01
853,0,01
854,0,01
855,1,53
856,1,53
857,1,53
858,1,53
859,1,53
860,1,53
861,1,53
862,1,53
863,1,53
864,1,53
865,1,53
866,1,53
867,1,53
868,0,01
869,0,01
870,0,01
871,0,01
872,0,01
873,0,01
874,1,53
875,1,53
876,1,53
877,0,01
878,0,01
879,0,01
880,0,01
881,0,01
882,0,01
883,1,53
884,1,53
885,1,53
886,0,01
887,0,01
888,0,01
889,0,01
890,0,01
891,0
892,1,54
893,1,53
894,1,53
895,1,53
896,0,01
897,0,01
898,0
899,0,01
900,0,01
901,1,53
902,1,53
903,1,53
904,1,53
905,0,01
906,0
907,0,01
908,0,01
909,0,01
910,1,53
911,1,53
912,1,53
913,1,53
914,0,01
915,0,01
916,0,01
917,0,01
918,0,01
919,1,53
920,1,53
921,1,53
922,1,53
923,1,53
924,1,53
925,1,53
926,1,53
927,1,53
928,1,53
929,1,53
930,1,52
931,1,53
932,0,01
933,0,01
934,0,01
935,0,01
936,0,01
937,0,01
938,1,53
939,1,53
940,1,53
941,1,53
942,1,53
943,1,53
944,1,52
945,1,53
946,1,53
947,1,53
948,1,53
949,1,53
950,1,53
951,0,01
952,0,01
953,0,01
954,0,01
955,0
956,1,53
957,1,53
958,1,53
959,1,53
960,1,53
961,1,53
962,1,53
963,1,53
964,1,53
965,1,53
966,1,53
967,1,53
968,1,53
969,0,01
970,0,01
971,0,01
972,0
973,0
974,1,52
975,1,53
976,1,53
977,1,53
978,0,01
979,0,01
980,0,01
981,0,01
982,0,01
983,1,53
984,1,53
985,1,53
986,1,53
987,0,01
988,0
989,0,01
990,0,01
991,0,01
992,1,53
993,1,53
994,1,53
995,1,53
996,1,52
997,0,01
998,0,01
999,0,01
1000,0,01
1001,0,01
1002,1,53
1003,1,53
1004,1,53
1005,1,53
1006,0,01
1007,0,01
1008,0,01
1009,0,01
1010,0,01
1011,1,53
1012,1,53
1013,1,53
1014,1,53
1015,0,01
1016,0,01
1017,0,01
1018,0,01
1019,0,01
1020,1,53
1021,1,53
1022,1,53
1023,1,53
1024,0,01
1025,0,01
1026,0,01
1027,0,01
1028,0,01
1029,1,53
1030,1,53
1031,1,53
1032,1,53
1033,0,01
1034,0,01
1035,0,01
1036,0,01
1037,0
1038,0,01
1039,1,53
1040,1,53
1041,1,53
1042,0,01
1043,0,01
1044,0,01
1045,0
1046,0,01
1047,0,01
1048,1,53
1049,1,53
1050,1,53
1051,1,53
1052,1,53
1053,1,53
1054,1,53
1055,1,51
1056,1,53
1057,1,53
1058,1,53
1059,1,53
1060,1,53
1061,0,01
1062,0,01
1063,0,01
1064,0,01
1065,0,01
1066,1,53
1067,1,53
1068,1,53
1069,1,53
1070,1,53
1071,1,52
1072,1,53
1073,1,53
1074,1,53
1075,1,53
1076,1,53
1077,1,53
1078,1,53
1079,0,01
1080,0,01
1081,0,01
1082,0,01
1083,0,01
1084,1,53
1085,1,53
1086,1,52
1087,1,53
1088,1,53
1089,1,53
1090,1,53
1091,1,53
1092,1,53
1093,1,53
1094,1,53
1095,1,53
1096,1,53
1097,0,01
1098,0,01
1099,0,01
1100,0,01
1101,0,01
1102,0
1103,1,53
1104,1,53
1105,1,53
1106,1,53
1107,1,53
1108,1,53
1109,1,53
1110,1,53
1111,1,53
1112,1,53
1113,1,53
1114,1,53
1115,1,53
1116,0,01
1117,0,01
1118,0,01
1119,0,01
1120,0,01
1121,1,53
1122,1,53
1123,1,53
1124,1,53
1125,1,53
1126,1,53
1127,1,53
1128,1,53
1129,1,53
1130,1,53
1131,1,53
1132,1,53
1133,1,53
1134,0,01
1135,0
1136,0
1137,0
1138,0,01
1139,1,53
1140,1,53
1141,1,53
1142,1,53
1143,1,52
1144,1,53
1145,1,53
1146,1,53
1147,1,53
1148,1,53
1149,1,53
1150,1,53
1151,1,53
1152,1,53
1153,1,53
1154,1,53
1155,1,53
1156,1,53
1157,1,53
1158,1,53
1159,1,53
1160,1,53
1161,1,53
1162,1,53
1163,1,53
1164,1,53
1165,1,53
1166,1,53
1167,1,53
1168,1,53
1169,1,53
1170,1,53
1171,1,53
1172,1,53
1173,1,53
1174,1,53
1175,1,52
1176,1,52
1177,1,52
1178,1,52
1179,1,52
1180,1,52
1181,1,52
1182,1,52
1183,1,52
1184,1,52
1185,1,52
1186,1,53
1187,1,53
1188,1,53
1189,1,53
1190,1,53
1191,1,53
1192,1,52
1193,1,53
1194,1,52
1195,1,52
1196,1,53
1197,1,53
1198,1,52
1199,1,53
1200,1,53
1201,1,53
1202,1,53
1203,1,53
1204,1,53
1205,1,53
1206,1,53
1207,1,53
1208,1,53
1209,1,53
1210,1,53
1211,1,53
1212,1,53
1213,1,53
1214,1,53
1215,1,53
1216,1,53
1217,1,53
1218,1,54
1219,1,52
1220,1,52
1221,1,53
1222,1,53
1223,1,53
1224,1,53
1225,1,53
1226,1,53
1227,1,53
1228,1,53
1229,1,53
1230,1,53
1231,1,53
1232,1,53
1233,1,52
1234,1,53
1235,1,53
1236,1,53
1237,1,53
1238,1,53
1239,1,53
1240,1,53
1241,1,53
1242,1,53
1243,1,53
1244,1,53
1245,1,53
1246,1,53
1247,1,53
1248,1,53
1249,1,53
1250,1,53
1251,1,53
1252,1,53
1253,1,53
1254,1,53
1255,1,53
1256,1,53
1257,1,52
1258,1,52
1259,1,52
1260,1,52
1261,1,52
1262,1,52
1263,1,52
1264,1,52
1265,1,52
1266,1,52
1267,1,52
1268,1,52
1269,1,52
1270,1,52
1271,1,53
1272,1,53
1273,1,53
1274,1,53
1275,1,53
1276,1,53
1277,1,53
1278,1,53
1279,1,53
1280,1,53
1281,1,53
1282,1,53
1283,1,53
1284,1,53
1285,1,53
1286,1,53
1287,1,53
1288,1,53
1289,1,53
1290,1,53
1291,1,53
1292,1,53
1293,1,53
1294,1,53
1295,1,53
1296,1,53
1297,1,53
1298,1,53
1299,1,53
1300,1,53
1301,1,52
1302,1,53
1303,1,53
1304,1,53
1305,1,53
1306,1,53
1307,1,53
1308,1,53
1309,1,53
1310,1,53
1311,1,53
1312,1,53
1313,1,53
1314,1,53
1315,1,53
1316,1,53
1317,1,53
1318,1,53
1319,1,53
1320,1,53
1321,1,53
1322,1,53
1323,1,53
1324,1,53
1325,1,53
1326,1,53
1327,1,53
1328,1,53
1329,1,53
1330,1,53
1331,1,52
1332,1,53
1333,1,53
1334,1,53
1335,1,53
1336,1,53
1337,1,53
1338,1,53
1339,1,53
1340,1,53
1341,1,53
1342,1,53
1343,1,53
1344,1,53
1345,1,53
1346,1,52
1347,1,53
1348,1,53
1349,1,53
1350,1,53
1351,1,53
1352,1,53
1353,1,53
1354,1,53
1355,1,53
1356,1,53
1357,1,53
1358,1,53
1359,1,53
1360,1,53
1361,1,53
1362,1,53
1363,1,53
1364,1,53
1365,1,53
1366,1,53
1367,1,53
1368,1,53
1369,1,53
1370,1,53
1371,1,53
1372,1,52
1373,1,53
1374,1,53
1375,1,53
1376,1,53
1377,1,53
1378,1,53
1379,1,53
1380,1,53
1381,0,57
1382,1,5
1383,1,53
1384,1,53
1385,1,53
1386,1,53
1387,1,53
1388,1,53
1389,1,53
1390,1,53
1391,1,53
1392,1,53
1393,1,53
1394,1,53
1395,1,53
1396,1,53
1397,1,53
1398,1,53
1399,1,53
1400,1,53
1401,1,53
1402,1,53
1403,1,53
1404,1,53
1405,1,53
1406,1,53
1407,1,53
1408,1,53
1409,1,53
1410,1,53
1411,1,53
1412,1,53
1413,1,53
1414,1,53
1415,1,53
1416,1,53
1417,1,53
1418,1,53
1419,1,53
1420,1,53
1421,1,52
1422,1,52
1423,1,52
1424,1,52
1425,1,52
1426,1,53
1427,1,52
1428,1,52
1429,1,52
1430,1,52
1431,1,52
1432,1,52
1433,1,52
1434,1,52
1435,1,52
1436,1,52
1437,1,52
1438,1,53
1439,1,53
1440,1,53
1441,1,53
1442,1,53
1443,1,53
1444,1,53
1445,1,53
1446,1,53
1447,1,53
1448,1,53
1449,1,53
1450,1,53
1451,1,53
1452,1,53
1453,1,53
1454,1,53
1455,1,53
1456,1,53
1457,1,53
1458,1,53
1459,1,53
1460,1,53
1461,1,53
1462,1,53
1463,1,53
1464,1,53
1465,1,53
1466,1,53
1467,1,53
1468,1,53
1469,1,53
1470,1,53
1471,1,53
1472,1,53
1473,1,53
1474,1,52
1475,1,52
1476,1,53
1477,1,53
1478,1,53
1479,1,53
1480,1,53
1481,1,53
1482,1,53
1483,1,53
1484,1,53
1485,1,53
1486,1,53
1487,1,53
1488,1,53
1489,1,53
1490,1,53
1491,1,53
1492,1,53
1493,1,53
1494,1,53
1495,1,53
1496,1,53
1497,1,53
1498,1,53
1499,1,53
1500,1,53
1501,1,53
1502,1,53
1503,1,53
1504,1,53
1505,1,53
1506,1,53
1507,1,53
1508,1,53
1509,1,53
1510,1,53
1511,1,53
1512,1,53
1513,1,53
1514,1,53
1515,1,53
1516,1,53
1517,1,53
1518,1,53
1519,1,52
1520,1,53
1521,1,53
1522,0,01
1523,0,01
1524,0,01
1525,0,01
1526,0,01
1527,0
1528,0,01
1529,0,01
1530,0,01
1531,0,01
1532,0,01
1533,0,01
1534,0,01
1535,0,01
1536,0,01
1537,0,01
1538,0,01
1539,0,01
1540,0,01
1541,0,01
1542,0,01
1543,0,01
1544,0,01
1545,0
1546,0
1547,0,01
1548,0,01
1549,0,01
1550,0,01
1551,0,01
1552,0,01
1553,0,01
1554,0,01
1555,0,01
1556,0,01
1557,0,01
1558,0,01
1559,1,53
1560,1,53
1561,1,53
1562,1,53
1563,1,53
1564,1,53
1565,1,53
1566,1,53
1567,1,53
1568,1,52
1569,1,53
1570,1,53
1571,1,53
1572,1,53
1573,1,53
1574,1,53
1575,1,53
1576,1,52
1577,1,53
1578,1,53
1579,1,53
1580,1,53
1581,1,53
1582,1,53
1583,1,53
1584,1,53
1585,1,53
1586,1,53
1587,1,53
1588,1,53
1589,1,53
1590,1,53
1591,1,53
1592,1,53
1593,1,53
1594,1,53
1595,0,01
1596,0,01
1597,0,01
1598,0,01
1599,0,01
1600,0,01
1601,1,52
1602,1,52
1603,1,52
1604,1,52
1605,1,53
1606,1,53
1607,1,53
1608,1,53
1609,1,53
1610,1,53
1611,1,53
1612,1,53
1613,1,53
1614,0,01
1615,0,01
1616,0,01
1617,0,01
1618,0,01
1619,1,53
1620,1,53
1621,1,53
1622,1,53
1623,1,53
1624,1,53
1625,1,53
1626,1,53
1627,1,53
1628,1,53
1629,1,53
1630,1,53
1631,1,53
1632,0,01
1633,0,01
1634,0,01
1635,0,01
1636,0,01
1637,1,53
1638,1,53
1639,1,53
1640,1,53
1641,1,53
1642,1,53
1643,1,53
1644,1,53
1645,1,53
1646,1,53
1647,1,53
1648,1,53
1649,1,53
1650,0,01
1651,0,01
1652,0,01
1653,0,01
1654,0,01
1655,0,01
1656,1,53
1657,1,53
1658,1,53
1659,0,47
1660,0,01
1661,0,01
1662,0,01
1663,0,01
1664,0,01
1665,1,53
1666,1,53
1667,1,53
1668,1,53
1669,0,01
1670,0,01
1671,0,01
1672,0,01
1673,0,01
1674,1,53
1675,1,53
1676,1,53
1677,1,53
1678,0,01
1679,0,01
1680,0,01
1681,0,01
1682,0,01
1683,1,53
1684,1,53
1685,1,53
1686,1,53
1687,0,01
1688,0,01
1689,0,01
1690,0,01
1691,0,01
1692,1,53
1693,1,53
1694,1,53
1695,1,53
1696,0,01
1697,0,01
1698,0,01
1699,0,01
1700,0,01
1701,1,53
1702,1,53
1703,1,53
1704,1,53
1705,1,53
1706,1,53
1707,1,53
1708,1,51
1709,1,52
1710,1,53
1711,1,53
1712,1,53
1713,1,53
1714,1,5
1715,0
1716,0,01
1717,0,01
1718,0,01
1719,0,01
1720,1,53
1721,1,53
1722,1,53
1723,1,53
1724,1,53
1725,1,53
1726,1,53
1727,1,53
1728,1,53
1729,1,53
1730,1,53
1731,1,53
1732,1,53
1733,0,01
1734,0,01
1735,0,01
1736,0,01
1737,0,01
1738,1,53
1739,1,53
1740,1,53
1741,1,53
1742,1,53
1743,1,53
1744,1,53
1745,1,53
1746,1,53
1747,1,53
1748,1,53
1749,1,53
1750,1,53
1751,0,01
1752,0,01
1753,0,01
1754,0,01
1755,0,01
1756,1,53
1757,1,53
1758,1,53
1759,1,53
1760,0,01
1761,0,01
1762,0,01
1763,0,01
1764,0
1765,0,01
1766,1,53
1767,1,53
1768,1,53
1769,0,01
1770,0,01
1771,0,01
1772,0
1773,0,01
1774,1,53
1775,1,53
1776,1,53
1777,1,53
1778,1,53
1779,0,01
1780,0,01
1781,0,01
1782,0,01
1783,0,01
1784,1,53
1785,1,53
1786,1,53
1787,1,53
1788,0,01
1789,0,01
1790,0
1791,0
1792,0,01
1793,1,53
1794,1,53
1795,1,53
1796,1,53
1797,0,01
1798,0,01
1799,0,01
1800,0,01
1801,0,01
1802,1,53
1803,1,53
1804,1,53
1805,1,53
1806,1,53
1807,1,53
1808,1,53
1809,1,53
1810,1,53
1811,1,53
1812,1,53
1813,1,53
1814,1,53
1815,0,01
1816,0,01
1817,0,01
1818,0,01
1819,0,01
1820,0,01
1821,1,53
1822,1,53
1823,1,53
1824,1,53
1825,1,53
1826,1,53
1827,1,53
1828,1,53
1829,1,53
1830,1,53
1831,1,53
1832,1,53
1833,1,53
1834,0,01
1835,0,01
1836,0,01
1837,0,01
1838,0,01
1839,1,53
1840,1,53
1841,1,53
1842,1,53
1843,1,53
1844,1,53
1845,1,53
1846,1,53
1847,1,53
1848,1,53
1849,1,53
1850,1,53
1851,1,53
1852,0,01
1853,0,01
1854,0
1855,0,01
1856,0,01
1857,1,53
1858,1,53
1859,1,53
1860,1,53
1861,0,01
1862,0
1863,0,01
1864,0,01
1865,0,01
1866,1,53
1867,1,53
1868,1,53
1869,1,53
1870,0
1871,0
1872,0
1873,0,01
1874,0,01
1875,0,01
1876,1,53
1877,1,53
1878,1,53
1879,1,53
1880,0,01
1881,0,01
1882,0,01
1883,0,01
1884,0,01
1885,1,53
1886,1,53
1887,1,53
1888,1,53
1889,0,01
1890,0,01
1891,0,01
1892,0,01
1893,0,01
1894,1,53
1895,1,53
1896,1,53
1897,1,53
1898,0,01
1899,0,01
1900,0,01
1901,0,01
1902,0,01
1903,1,52
1904,1,53
1905,1,53
1906,1,53
1907,0,01
1908,0,01
1909,0,01
1910,0,01
1911,0
1912,0,01
1913,1,53
1914,1,53
1915,1,53
1916,0,01
1917,0,01
1918,0,01
1919,0,01
1920,0,01
1921,1,53
1922,1,53
1923,1,53
1924,1,53
1925,0,01
1926,0,01
1927,0,01
1928,0,01
1929,0,01
1930,1,53
1931,1,53
1932,1,53
1933,1,53
1934,1,53
1935,1,53
1936,1,53
1937,1,53
1938,1,53
1939,1,53
1940,1,53
1941,1,53
1942,1,53
1943,1,53
1944,0
1945,0,01
1946,0,01
1947,0,01
1948,0,01
1949,1,53
1950,1,53
1951,1,53
1952,1,53
1953,1,65
1954,1,53
1955,1,53
1956,1,53
1957,1,53
1958,1,53
1959,1,53
1960,1,53
1961,1,53
1962,0,01
1963,0,01
1964,0,01
1965,0,01
1966,0,01
1967,1,53
1968,1,53
1969,1,53
1970,1,53
1971,1,53
1972,1,53
1973,1,53
1974,1,53
1975,1,53
1976,1,53
1977,1,53
1978,1,53
1979,1,53
1980,0,01
1981,0,01
1982,0,01
1983,0,01
1984,0
1985,0
1986,0
1987,1,52
1988,1,52
1989,1,53
1990,1,53
1991,1,53
1992,1,53
1993,1,53
1994,1,53
1995,1,53
1996,1,53
1997,1,53
1998,1,53
1999,0,01
2000,0,01
2001,0
2002,0,01
2003,0,01
2004,1,53
2005,1,53
2006,1,53
2007,1,53
2008,1,53
2009,1,53
2010,1,53
2011,1,53
2012,1,53
2013,1,53
2014,1,53
2015,1,53
2016,1,53
2017,0,01
2018,0,01
2019,0,01
2020,0,01
2021,0,01
2022,0,01
2023,1,53
2024,1,53
2025,1,53
2026,1,53
2027,1,53
2028,1,53
2029,1,53
2030,1,53
2031,1,53
2032,1,53
2033,1,53
2034,1,53
2035,1,53
2036,1,53
2037,1,53
2038,1,53
2039,1,53
2040,1,53
2041,1,53
2042,1,53
2043,1,53
2044,1,53
2045,1,53
2046,1,53
2047,1,53
2048,1,53
2049,1,53
2050,1,53
2051,1,53
2052,1,53
2053,1,53
2054,1,53
2055,1,53
2056,1,53
2057,1,53
2058,1,53
2059,1,53
2060,1,53
2061,1,53
2062,1,53
2063,1,53
2064,1,53
2065,1,53
2066,1,53
2067,1,53
2068,1,53
2069,1,53
2070,1,53
2071,1,53
2072,1,53
2073,1,53
2074,1,53
2075,1,53
2076,1,53
2077,1,53
2078,1,53
2079,1,53
2080,1,53
2081,1,53
2082,1,53
2083,1,53
2084,1,53
2085,1,53
2086,1,53
2087,1,53
2088,1,53
2089,1,53
2090,1,53
2091,1,53
2092,1,53
2093,1,53
2094,1,53
2095,1,53
2096,1,53
2097,1,53
2098,1,53
2099,1,53
2100,1,53
2101,1,53
2102,1,53
2103,1,53
2104,1,53
2105,1,53
2106,1,53
2107,1,53
2108,1,53
2109,1,53
2110,1,53
2111,1,53
2112,1,53
2113,1,53
2114,1,53
2115,1,53
2116,1,53
2117,1,53
2118,1,53
2119,1,53
2120,1,53
2121,1,53
2122,1,53
2123,1,53
2124,1,53
2125,1,53
2126,1,53
2127,1,53
2128,1,53
2129,1,53
2130,1,53
2131,1,53
2132,1,52
2133,1,53
2134,1,53
2135,1,53
2136,1,53
2137,1,53
2138,1,53
2139,1,53
2140,1,52
2141,1,53
2142,1,53
2143,1,53
2144,1,53
2145,1,53
2146,1,53
2147,1,53
2148,1,52
2149,1,53
2150,1,53
2151,1,53
2152,1,52
2153,1,52
2154,1,52
2155,1,52
2156,1,52
2157,1,53
2158,1,52
2159,1,52
2160,1,52
2161,1,52
2162,1,52
2163,1,52
2164,1,53
2165,1,53
2166,1,53
2167,1,53
2168,1,52
2169,1,52
2170,1,53
2171,1,53
2172,1,52
2173,1,52
2174,1,52
2175,1,52
2176,1,53
2177,1,53
2178,1,53
2179,1,53
2180,1,53
2181,1,53
2182,1,53
2183,1,53
2184,1,53
2185,1,53
2186,1,53
2187,1,53
2188,1,53
2189,1,53
2190,1,53
2191,1,53
2192,1,53
2193,1,53
2194,1,53
2195,1,53
2196,1,53
2197,1,53
2198,1,52
2199,1,52
2200,1,53
2201,1,53
2202,1,53
2203,1,53
2204,1,53
2205,1,53
2206,1,53
2207,1,53
2208,1,53
2209,1,53
2210,1,53
2211,1,53
2212,1,53
2213,1,53
2214,1,53
2215,1,53
2216,1,53
2217,1,53
2218,1,53
2219,1,53
2220,1,53
2221,1,53
2222,1,53
2223,1,53
2224,1,53
2225,1,53
2226,1,53
2227,1,53
2228,1,53
2229,1,53
2230,1,53
2231,1,53
2232,1,53
2233,1,53
2234,1,53
2235,1,53
2236,1,53
2237,1,53
2238,1,52
2239,1,52
2240,1,52
2241,1,52
2242,1,52
2243,1,52
2244,1,52
2245,1,52
2246,1,52
2247,1,52
2248,1,52
2249,1,52
2250,1,52
2251,1,52
2252,1,52
2253,1,53
2254,1,53
2255,1,53
2256,1,53
2257,1,53
2258,1,53
2259,1,53
2260,1,53
2261,1,53
2262,1,53
2263,1,53
2264,1,53
2265,1,53
2266,1,53
2267,1,53
2268,1,53
2269,1,53
2270,1,53
2271,1,53
2272,1,53
2273,1,53
2274,1,53
2275,1,53
2276,1,53
2277,1,53
2278,1,53
2279,1,53
2280,1,52
2281,1,53
2282,1,53
2283,1,53
2284,1,53
2285,1,53
2286,1,53
2287,1,53
2288,1,53
2289,1,53
2290,1,53
2291,1,53
2292,1,53
2293,1,53
2294,1,53
2295,1,53
2296,1,53
2297,1,53
2298,1,53
2299,1,53
2300,1,53
2301,1,53
2302,1,53
2303,1,53
2304,1,53
2305,1,53
2306,1,53
2307,1,53
2308,1,53
2309,1,53
2310,1,53
2311,1,53
2312,1,53
2313,1,53
2314,1,53
2315,1,53
2316,1,53
2317,1,53
2318,1,53
2319,1,53
2320,1,53
2321,1,53
2322,1,53
2323,1,53
2324,1,53
2325,1,53
2326,1,53
2327,1,53
2328,1,53
2329,1,53
2330,1,53
2331,1,53
2332,1,53
2333,1,53
2334,1,53
2335,1,53
2336,1,53
2337,1,53
2338,1,53
2339,1,53
2340,1,53
2341,1,53
2342,1,53
2343,1,53
2344,1,53
2345,1,53
2346,1,53
2347,1,53
2348,1,53
2349,1,53
2350,1,53
2351,1,53
2352,1,53
2353,1,53
2354,1,53
2355,1,53
2356,1,53
2357,1,53
2358,1,53
2359,1,53
2360,1,53
2361,1,53
2362,1,54
2363,1,53
2364,1,53
2365,1,53
2366,1,52
2367,1,53
2368,1,53
2369,1,53
2370,1,53
2371,1,53
2372,1,53
2373,1,53
2374,1,53
2375,1,53
2376,1,53
2377,1,53
2378,1,53
2379,1,53
2380,1,53
2381,1,53
2382,1,53
2383,1,53
2384,1,53
2385,1,52
2386,1,53
2387,1,53
2388,1,53
2389,1,53
2390,1,53
2391,1,53
2392,1,53
2393,1,53
2394,1,53
2395,1,53
2396,1,53
2397,1,53
2398,1,53
2399,1,53
2400,1,53
2401,1,53
2402,1,53
2403,1,53
2404,1,52
2405,0
2406,0
2407,0
2408,0
2409,0
2410,0,01
2411,0
2412,0
2413,0
2414,0
2415,0
2416,0
2417,0
2418,0
2419,0,01
2420,0,01
2421,0,01
2422,0,01
2423,0,01
2424,0,01
2425,0,01
2426,0,01
2427,0,01
2428,0,01
2429,0,01
2430,0,01
2431,0,01
2432,0,01
2433,0,01
2434,0,01
2435,0,01
2436,0,01
2437,0,01
2438,0,01
2439,0,01
2440,0,01
2441,0,01
2442,1,53
2443,1,52
2444,1,53
2445,1,53
2446,1,53
2447,1,53
2448,1,53
2449,1,53
2450,1,53
2451,1,53
2452,1,53
2453,1,53
2454,1,53
2455,1,53
2456,1,53
2457,1,53
2458,1,53
2459,1,53
2460,1,53
2461,1,53
2462,1,53
2463,1,53
2464,1,53
2465,1,53
2466,1,53
2467,1,53
2468,1,53
2469,1,53
2470,1,53
2471,1,53
2472,1,53
2473,1,53
2474,1,53
2475,1,52
2476,1,53
2477,1,53
2478,0,01
2479,0,01
2480,0,01
2481,0,01
2482,0,01
2483,0
2484,1,53
2485,1,53
2486,1,53
2487,1,53
2488,1,53
2489,1,53
2490,1,53
2491,1,53
2492,1,53
2493,1,52
2494,1,52
2495,1,52
2496,1,52
2497,0
2498,0
2499,0,01
2500,0,01
2501,0,01
2502,1,53
2503,1,53
2504,1,53
2505,1,53
2506,1,53
2507,1,53
2508,1,53
2509,1,53
2510,1,53
2511,1,53
2512,1,53
2513,1,53
2514,1,53
2515,0,01
2516,0
2517,0,01
2518,0,01
2519,0,01
2520,1,53
2521,1,53
2522,1,53
2523,1,53
2524,1,52
2525,1,53
2526,1,53
2527,1,53
2528,1,53
2529,1,53
2530,1,53
2531,1,53
2532,1,53
2533,0,01
2534,0,01
2535,0,01
2536,0,01
2537,0,01
2538,0,01
2539,1,53
2540,1,53
2541,1,53
2542,1,53
2543,0,01
2544,0,01
2545,0,01
2546,0,01
2547,0,01
2548,1,53
2549,1,53
2550,1,53
2551,1,53
2552,0,01
2553,0,01
2554,0,01
2555,0,01
2556,0,01
2557,0,01
2558,1,53
2559,1,53
2560,1,53
2561,0,01
2562,0,01
2563,0,01
2564,0,01
2565,0
2566,1,53
2567,1,53
2568,1,52
2569,1,53
2570,0,01
2571,0,01
2572,0,01
2573,0
2574,0,01
2575,1,53
2576,1,53
2577,1,53
2578,1,53
2579,0,01
2580,0,01
2581,0
2582,0,01
2583,0,01
2584,1,53
2585,1,53
2586,1,53
2587,1,53
2588,1,53
2589,1,53
2590,1,53
2591,1,53
2592,1,53
2593,1,53
2594,1,53
2595,1,53
2596,1,53
2597,1,53
2598,0,01
2599,0,01
2600,0,01
2601,0,01
2602,0,01
2603,1,53
2604,1,53
2605,1,53
2606,1,53
2607,1,53
2608,1,52
2609,1,53
2610,1,53
2611,1,53
2612,1,53
2613,1,53
2614,1,53
2615,1,53
2616,0,01
2617,0,01
2618,0,01
2619,0,01
2620,0,01
2621,1,53
2622,1,53
2623,1,53
2624,1,53
2625,1,53
2626,1,53
2627,1,53
2628,1,53
2629,1,53
2630,1,53
2631,1,53
2632,1,53
2633,1,53
2634,0,01
2635,0,01
2636,0,01
2637,0,01
2638,0,01
2639,0,01
2640,1,53
2641,1,53
2642,1,53
2643,0,01
2644,0,01
2645,0,01
2646,0,01
2647,0,01
2648,0,01
2649,1,53
2650,1,53
2651,1,53
2652,1,53
2653,0,01
2654,0,01
2655,0,01
2656,0,01
2657,0,01
2658,1,53
2659,1,53
2660,1,53
2661,1,53
2662,0,01
2663,0
2664,0,01
2665,0,01
2666,0,01
2667,1,53
2668,1,53
2669,1,53
2670,1,53
2671,0
2672,0,01
2673,0,01
2674,0,01
2675,0,01
2676,1,53
2677,1,53
2678,1,53
2679,1,53
2680,0,01
2681,0,01
2682,0,01
2683,0,01
2684,0,01
2685,1,53
2686,1,53
2687,1,53
2688,1,53
2689,1,53
2690,1,53
2691,1,53
2692,1,53
2693,1,53
2694,1,53
2695,1,53
2696,1,53
2697,1,53
2698,1,53
2699,0,01
2700,0,01
2701,0,01
2702,0,01
2703,0,01
2704,0,01
2705,1,53
2706,1,53
2707,1,53
2708,1,53
2709,1,53
2710,1,53
2711,1,53
2712,1,53
2713,1,53
2714,1,53
2715,1,53
2716,1,53
2717,0,01
2718,0,01
2719,0,01
2720,0
2721,0,01
2722,1,53
2723,1,53
2724,1,53
2725,1,53
2726,1,53
2727,1,53
2728,1,53
2729,1,53
2730,1,53
2731,1,53
2732,1,53
2733,1,53
2734,1,53
2735,0,01
2736,0,01
2737,0,01
2738,0,01
2739,0,01
2740,0,01
2741,1,53
2742,1,53
2743,1,53
2744,0,01
2745,0,01
2746,0,01
2747,0,01
2748,0
2749,0
2750,1,53
2751,1,53
2752,1,53
2753,0,25
2754,0,01
2755,0,01
2756,0,01
2757,0,01
2758,0,01
2759,1,53
2760,1,53
2761,1,52
2762,1,53
2763,0,01
2764,0,01
2765,0,01
2766,0,01
2767,0,01
2768,1,53
2769,1,52
2770,1,53
2771,1,53
2772,0,01
2773,0,01
2774,0,01
2775,0,01
2776,0,01
2777,0,04
2778,1,53
2779,1,53
2780,1,53
2781,0,01
2782,0,01
2783,0,01
2784,0,01
2785,0,01
2786,1,53
2787,1,53
2788,1,53
2789,1,53
2790,0,01
2791,0,01
2792,0,01
2793,0,01
2794,0,01
2795,0,01
2796,1,53
2797,1,53
2798,1,53
2799,0,01
2800,0,01
2801,0,01
2802,0
2803,0,01
2804,0,01
2805,1,53
2806,1,53
2807,1,53
2808,1,53
2809,0,01
2810,0
2811,0,01
2812,0,01
2813,0,01
2814,1,53
2815,1,53
2816,1,53
2817,1,53
2818,1,52
2819,1,53
2820,1,53
2821,1,53
2822,1,53
2823,1,53
2824,1,53
2825,1,53
2826,1,53
2827,0,01
2828,0,01
2829,0,01
2830,0,01
2831,0,01
2832,1,53
2833,1,53
2834,1,53
2835,1,53
2836,1,53
2837,1,53
2838,1,53
2839,1,53
2840,1,53
2841,1,53
2842,1,53
2843,1,53
2844,1,53
2845,0,01
2846,0,01
2847,0,01
2848,0,01
2849,0,01
2850,1,53
2851,1,53
2852,1,53
2853,1,54
2854,1,53
2855,1,53
2856,1,53
2857,1,53
2858,1,53
2859,1,53
2860,1,53
2861,1,53
2862,1,53
2863,1,53
2864,0,01
2865,0,01
2866,0,01
2867,0
2868,0,01
2869,1,53
2870,1,53
2871,1,53
2872,1,53
2873,1,53
2874,1,53
2875,1,53
2876,1,52
2877,1,52
2878,1,52
2879,1,53
2880,1,52
2881,1,53
2882,0,01
2883,0,01
2884,0,01
2885,0,01
2886,0,01
2887,1,53
2888,1,53
2889,1,53
2890,1,53
2891,1,53
2892,1,53
2893,1,53
2894,1,53
2895,1,53
2896,1,53
2897,1,53
2898,1,53
2899,1,53
2900,0
2901,0,01
2902,0,01
2903,0,01
2904,0,01
2905,1,53
2906,1,53
2907,1,53
2908,1,53
2909,1,53
2910,1,53
2911,1,53
2912,1,53
2913,1,53
2914,1,53
2915,1,53
2916,1,53
2917,1,53
2918,1,53
2919,1,53
2920,1,53
2921,1,53
2922,1,53
2923,1,53
2924,1,53
2925,1,53
2926,1,53
2927,1,53
2928,1,53
2929,1,53
2930,1,53
2931,1,53
2932,1,53
2933,1,53
2934,1,54
2935,1,53
2936,1,53
2937,1,53
2938,1,53
2939,1,53
2940,1,53
2941,1,53
2942,1,53
2943,1,53
2944,1,53
2945,1,53
2946,1,53
2947,1,53
2948,1,53
2949,1,52
2950,1,53
2951,1,53
2952,1,53
2953,1,53
2954,1,53
2955,1,53
2956,1,53
2957,1,52
2958,1,53
2959,1,53
2960,1,53
2961,1,53
2962,1,53
2963,1,53
2964,1,53
2965,1,53
2966,1,53
2967,1,53
2968,1,53
2969,1,53
2970,1,53
2971,1,53
2972,1,53
2973,1,53
2974,1,53
2975,1,53
2976,1,53
2977,1,53
2978,1,53
2979,1,53
2980,1,53
2981,1,53
2982,1,53
2983,1,53
2984,1,53
2985,1,53
2986,1,53
2987,1,53
2988,1,53
2989,1,53
2990,1,53
2991,1,53
2992,1,53
2993,1,53
2994,1,53
2995,1,53
2996,1,53
2997,1,53
2998,1,52
2999,1,53
3000,1,53
3001,1,53
3002,1,53
3003,1,53
3004,1,53
3005,1,53
3006,1,53
3007,1,53
3008,1,53
3009,1,53
3010,1,53
3011,1,53
3012,1,53
3013,1,53
3014,1,53
3015,1,53
3016,1,53
3017,1,53
3018,1,53
3019,1,53
3020,1,53
3021,1,53
3022,1,53
3023,1,53
3024,1,53
3025,1,53
3026,1,53
3027,1,53
3028,1,53
3029,1,53
3030,1,53
3031,1,53
3032,1,53
3033,1,53
3034,1,53
3035,1,53
3036,1,53
3037,1,53
3038,1,53
3039,1,53
3040,1,53
3041,1,53
3042,1,53
3043,1,53
3044,1,53
3045,1,53
3046,1,53
3047,1,52
3048,1,53
3049,1,53
3050,1,53
3051,1,53
3052,1,53
3053,1,53
3054,1,53
3055,1,53
3056,1,53
3057,1,53
3058,1,53
3059,1,53
3060,1,53
3061,1,53
3062,1,53
3063,1,53
3064,1,53
3065,1,53
3066,1,53
3067,1,53
3068,1,53
3069,1,53
3070,1,53
3071,1,53
3072,1,53
3073,1,53
3074,1,53
3075,1,53
3076,1,53
3077,1,53
3078,1,53
3079,1,53
3080,1,53
3081,1,53
3082,1,53
3083,1,53
3084,1,53
3085,1,53
3086,1,53
3087,1,53
3088,1,52
3089,1,53
3090,1,53
3091,1,53
3092,1,53
3093,1,53
3094,1,53
3095,1,53
3096,1,52
3097,1,53
3098,1,53
3099,1,53
3100,1,53
3101,1,53
3102,1,53
3103,1,53
3104,1,53
3105,1,53
3106,1,53
3107,1,53
3108,1,53
3109,1,53
3110,1,53
3111,1,53
3112,1,53
3113,1,53
3114,1,53
3115,1,53
3116,1,53
3117,1,53
3118,1,53
3119,1,53
3120,1,53
3121,1,53
3122,1,53
3123,1,53
3124,1,53
3125,1,53
3126,1,53
3127,1,53
3128,1,53
3129,1,53
3130,1,53
3131,1,53
3132,1,52
3133,1,52
3134,1,52
3135,1,53
3136,1,53
3137,1,52
3138,1,53
3139,1,53
3140,1,53
3141,1,53
3142,1,53
3143,1,53
3144,1,53
3145,1,52
3146,1,53
3147,1,53
3148,1,53
3149,1,52
3150,1,52
3151,1,52
3152,1,52
3153,1,52
3154,1,52
3155,1,52
3156,1,52
3157,1,52
3158,1,52
3159,1,52
3160,1,52
3161,1,52
3162,1,53
3163,1,53
3164,1,53
3165,1,53
3166,1,53
3167,1,53
3168,1,52
3169,1,52
3170,1,52
3171,1,52
3172,1,52
3173,1,53
3174,1,53
3175,1,53
3176,1,53
3177,1,53
3178,1,53
3179,1,53
3180,1,53
3181,1,53
3182,1,53
3183,1,53
3184,1,53
3185,1,53
3186,1,53
3187,1,53
3188,1,53
3189,1,53
3190,1,53
3191,1,53
3192,1,53
3193,1,53
3194,1,52
3195,1,53
3196,1,53
3197,1,53
3198,1,53
3199,1,53
3200,1,53
3201,1,53
3202,1,53
3203,1,53
3204,1,53
3205,1,53
3206,1,53
3207,1,53
3208,1,53
3209,1,53
3210,1,53
3211,1,53
3212,1,53
3213,1,53
3214,1,53
3215,1,53
3216,1,53
3217,1,53
3218,1,53
3219,1,53
3220,1,53
3221,1,53
3222,1,53
3223,1,53
3224,1,52
3225,1,52
3226,1,52
3227,1,52
3228,1,52
3229,1,52
3230,1,52
3231,1,52
3232,1,52
3233,1,52
3234,1,52
3235,1,52
3236,1,53
3237,1,53
3238,1,53
3239,1,53
3240,1,53
3241,1,53
3242,1,53
3243,1,53
3244,1,53
3245,1,53
3246,1,53
3247,1,53
3248,1,53
3249,1,53
3250,1,53
3251,1,53
3252,1,53
3253,1,53
3254,1,53
3255,1,53
3256,1,53
3257,1,53
3258,1,52
3259,1,52
3260,1,52
3261,1,53
3262,1,53
3263,1,53
3264,1,53
3265,1,53
3266,1,53
3267,1,53
3268,1,53
3269,1,53
3270,1,53
3271,1,53
3272,1,53
3273,1,53
3274,1,53
3275,1,53
3276,1,53
3277,1,53
3278,1,53
3279,1,53
3280,1,53
3281,1,53
3282,1,53
3283,1,53
3284,1,52
3285,1,53
3286,1,53
3287,1,53
3288,0,01
3289,0,01
3290,0,01
3291,0,01
3292,0
3293,0,01
3294,0,01
3295,0,01
3296,0,01
3297,0,01
3298,0,01
3299,0,01
3300,0,01
3301,0,01
3302,0,01
3303,0,01
3304,0,01
3305,0,01
3306,0,01
3307,0,01
3308,0,01
3309,0,01
3310,0,01
3311,0,01
3312,0,01
3313,0,01
3314,0,01
3315,0,01
3316,0,01
3317,0,01
3318,0,01
3319,0,01
3320,0,01
3321,0,01
3322,0,01
3323,0,01
3324,0,01
3325,0,01
3326,1,53
3327,1,53
3328,1,53
3329,1,53
3330,1,53
3331,1,53
3332,1,53
3333,1,53
3334,1,53
3335,1,53
3336,1,53
3337,1,53
3338,1,53
3339,1,53
3340,1,53
3341,1,52
3342,1,53
3343,1,53
3344,1,53
3345,1,53
3346,1,53
3347,1,53
3348,1,53
3349,1,53
3350,1,53
3351,1,53
3352,1,53
3353,1,53
3354,1,53
3355,1,53
3356,1,53
3357,1,53
3358,1,53
3359,1,53
3360,1,53
3361,1,53
3362,0,01
3363,0,01
3364,0,01
3365,0,01
3366,0,01
3367,1,53
3368,1,53
3369,1,53
3370,1,53
3371,1,53
3372,1,53
3373,1,53
3374,1,53
3375,1,53
3376,1,53
3377,1,53
3378,1,53
3379,1,53
3380,0,01
3381,0,01
3382,0
3383,0,01
3384,0,01
3385,1,53
3386,1,52
3387,1,52
3388,1,52
3389,1,52
3390,1,52
3391,1,52
3392,1,52
3393,1,52
3394,1,52
3395,1,52
3396,1,52
3397,1,52
3398,0
3399,0
3400,0
3401,0
3402,0,01
3403,1,53
3404,1,53
3405,1,53
3406,1,53
3407,1,53
3408,1,53
3409,1,53
3410,1,53
3411,1,53
3412,1,53
3413,1,53
3414,1,53
3415,1,53
3416,1,5
3417,0,01
3418,0,01
3419,0,01
3420,0,01
3421,0,01
3422,1,53
3423,1,53
3424,1,53
3425,1,54
3426,0,01
3427,0,01
3428,0,01
3429,0,01
3430,0,01
3431,1,53
3432,1,53
3433,1,53
3434,1,53
3435,0,01
3436,0,01
3437,0,01
3438,0,01
3439,0
3440,1,53
3441,1,53
3442,1,53
3443,1,53
3444,0,01
3445,0,01
3446,0,01
3447,0,01
3448,0,01
3449,1,53
3450,1,53
3451,1,53
3452,1,53
3453,0,01
3454,0,01
3455,0,01
3456,0,01
3457,0,01
3458,1,53
3459,1,53
3460,1,53
3461,1,53
3462,0,01
3463,0,01
3464,0,01
3465,0,01
3466,0,01
3467,0,01
3468,1,53
3469,1,53
3470,1,53
3471,1,53
3472,1,53
3473,1,53
3474,1,53
3475,1,53
3476,1,53
3477,1,53
3478,1,53
3479,1,53
3480,1,53
3481,0,01
3482,0,01
3483,0,01
3484,0,01
3485,0,01
3486,1,53
3487,1,53
3488,1,53
3489,1,53
3490,1,53
3491,1,53
3492,1,53
3493,1,53
3494,1,53
3495,1,53
3496,1,53
3497,1,53
3498,1,53
3499,0,01
3500,0,01
3501,0,01
3502,0,01
3503,0,01
3504,1,53
3505,1,53
3506,1,53
3507,1,5
3508,1,53
3509,1,53
3510,1,53
3511,1,53
3512,1,53
3513,1,52
3514,1,52
3515,1,52
3516,1,52
3517,0
3518,0
3519,0
3520,0,01
3521,0,01
3522,0,01
3523,1,53
3524,1,53
3525,1,53
3526,0,01
3527,0,01
3528,0,01
3529,0,01
3530,0,01
3531,1,53
3532,1,53
3533,1,53
3534,1,53
3535,1,53
3536,0,01
3537,0
3538,0,01
3539,0,01
3540,0,01
3541,1,53
3542,1,53
3543,1,53
3544,1,53
3545,0
3546,0,01
3547,0,01
3548,0,01
3549,0,01
3550,1,53
3551,1,53
3552,1,53
3553,1,53
3554,0,01
3555,0,01
3556,0,01
3557,0,01
3558,0,01
3559,1,53
3560,1,53
3561,1,53
3562,1,53
3563,0,01
3564,0,01
3565,0,01
3566,0,01
3567,0,01
3568,0,01
3569,1,53
3570,1,53
3571,1,53
3572,1,53
3573,1,53
3574,1,53
3575,1,53
3576,1,53
3577,1,53
3578,1,52
3579,1,53
3580,1,53
3581,0,01
3582,0,01
3583,0,01
3584,0,01
3585,0,01
3586,0
3587,1,53
3588,1,53
3589,1,53
3590,1,53
3591,1,53
3592,1,53
3593,1,53
3594,1,53
3595,1,53
3596,1,53
3597,1,53
3598,1,53
3599,1,53
3600,0,01
3601,0,01
3602,0,01
3603,0,01
3604,0,01
3605,1,53
3606,1,53
3607,1,53
3608,1,53
3609,1,53
3610,1,53
3611,1,53
3612,1,53
3613,1,53
3614,1,53
3615,1,53
3616,1,53
3617,1,53
3618,0,01
3619,0,01
3620,0,01
3621,0,01
3622,0,01
3623,0,01
3624,1,53
3625,1,53
3626,1,53
3627,0
3628,0,01
3629,0,01
3630,0,01
3631,0,01
3632,0,01
3633,1,53
3634,1,53
3635,1,52
3636,1,53
3637,0,01
3638,0,01
3639,0,01
3640,0
3641,0
3642,1,52
3643,1,52
3644,1,53
3645,1,53
3646,0,01
3647,0,01
3648,0,01
3649,0,01
3650,0,01
3651,1,53
3652,1,53
3653,1,53
3654,1,53
3655,0,01
3656,0,01
3657,0,01
3658,0,01
3659,0,01
3660,1,53
3661,1,53
3662,1,53
3663,1,53
3664,0,01
3665,0,01
3666,0,01
3667,0,01
3668,0,01
3669,0
3670,1,53
3671,1,53
3672,1,53
3673,0,01
3674,0,01
3675,0,01
3676,0
3677,0,01
3678,0,01
3679,1,53
3680,1,53
3681,1,53
3682,0,01
3683,0,01
3684,0
3685,0,01
3686,0,01
3687,0,01
3688,1,53
3689,1,53
3690,1,53
3691,1,53
3692,0,01
3693,0,01
3694,0,01
3695,0,01
3696,0,01
3697,1,53
3698,1,53
3699,1,53
3700,1,53
3701,1,53
3702,1,53
3703,1,53
3704,1,53
3705,1,53
3706,1,53
3707,1,53
3708,1,53
3709,1,53
3710,0,01
3711,0,01
3712,0,01
3713,0,01
3714,0
3715,1,53
3716,1,53
3717,1,53
3718,1,53
3719,1,53
3720,1,53
3721,1,53
3722,1,53
3723,1,53
3724,1,53
3725,1,53
3726,1,53
3727,1,53
3728,0,01
3729,0,01
3730,0,01
3731,0,01
3732,0,01
3733,0
3734,1,53
3735,1,53
3736,1,53
3737,1,53
3738,1,53
3739,1,53
3740,1,53
3741,1,53
3742,1,53
3743,1,53
3744,1,53
3745,1,53
3746,1,53
3747,0,01
3748,0,01
3749,0,01
3750,0,01
3751,0
3752,1,53
3753,1,53
3754,1,53
3755,1,53
3756,1,53
3757,1,53
3758,1,53
3759,1,53
3760,1,53
3761,1,53
3762,1,53
3763,1,53
3764,1,53
3765,0,01
3766,0
3767,0,01
3768,0
3769,0
3770,1,53
3771,1,53
3772,1,53
3773,1,53
3774,1,53
3775,1,53
3776,1,53
3777,1,53
3778,1,53
3779,1,53
3780,1,53
3781,1,53
3782,1,53
3783,0,01
3784,0,01
3785,0,01
3786,0,01
3787,0,01
3788,1,53
3789,1,53
3790,1,53
3791,1,53
3792,1,53
3793,1,53
3794,1,53
3795,1,53
3796,1,53
3797,1,53
3798,1,53
3799,1,53
3800,1,53
3801,1,53
3802,1,53
3803,1,53
3804,1,53
3805,1,53
3806,1,53
3807,1,53
3808,1,53
3809,1,53
3810,1,53
3811,1,53
3812,1,53
3813,1,53
3814,1,53
3815,1,53
3816,1,53
3817,1,53
3818,1,53
3819,1,53
3820,1,53
3821,1,53
3822,1,53
3823,1,53
3824,1,53
3825,1,53
3826,1,53
3827,1,53
3828,1,53
3829,1,53
3830,1,53
3831,1,53
3832,1,53
3833,1,51
3834,1,53
3835,1,53
3836,1,53
3837,1,53
3838,1,53
3839,1,53
3840,1,53
3841,1,53
3842,1,53
3843,1,53
3844,1,53
3845,1,53
3846,1,53
3847,1,53
3848,1,53
3849,1,53
3850,1,53
3851,1,53
3852,1,53
3853,1,53
3854,1,53
3855,1,53
3856,1,53
3857,1,53
3858,1,53
3859,1,53
3860,1,53
3861,1,53
3862,1,53
3863,1,53
3864,1,52
3865,1,53
3866,1,53
3867,1,53
3868,1,53
3869,1,53
3870,1,53
3871,1,53
3872,1,53
3873,1,53
3874,1,53
3875,1,53
3876,1,53
3877,1,53
3878,1,53
3879,1,53
3880,1,53
3881,1,53
3882,1,53
3883,1,53
3884,1,53
3885,1,53
3886,1,53
3887,1,53
3888,1,53
3889,1,53
3890,1,53
3891,1,53
3892,1,53
3893,1,53
3894,1,53
3895,1,53
3896,1,52
3897,1,52
3898,1,53
3899,1,53
3900,1,53
3901,1,53
3902,1,53
3903,1,53
3904,1,53
3905,1,53
3906,1,53
3907,1,53
3908,1,53
3909,1,53
3910,1,53
3911,1,53
3912,1,53
3913,1,53
3914,1,53
3915,1,53
3916,1,53
3917,1,53
3918,1,53
3919,1,53
3920,1,53
3921,1,52
3922,1,53
3923,1,53
3924,1,53
3925,1,53
3926,1,53
3927,1,53
3928,1,53
3929,1,53
3930,1,53
3931,1,53
3932,1,53
3933,1,53
3934,1,53
3935,1,53
3936,1,53
3937,1,53
3938,1,53
3939,1,53
3940,1,53
3941,1,53
3942,1,53
3943,1,53
3944,1,53
3945,1,53
3946,1,53
3947,1,53
3948,1,53
3949,1,53
3950,1,53
3951,1,53
3952,1,53
3953,1,53
3954,1,53
3955,1,53
3956,1,53
3957,1,53
3958,1,53
3959,1,53
3960,1,53
3961,1,53
3962,1,52
3963,1,53
3964,1,53
3965,1,53
3966,1,53
3967,1,53
3968,1,53
3969,1,53
3970,1,53
3971,1,53
3972,1,53
3973,1,53
3974,1,53
3975,1,53
3976,1,53
3977,1,53
3978,1,53
3979,1,53
3980,1,53
3981,1,53
3982,1,53
3983,1,53
3984,1,53
3985,1,53
3986,1,53
3987,1,53
3988,1,53
3989,1,53
3990,1,53
3991,1,53
3992,1,53
3993,1,53
3994,1,53
3995,1,53
3996,1,52
3997,1,53
3998,1,53
3999,1,53
